dist	ua18_industrial_av	ua18_industrial_stdev	count	10%quant	25%quant	50%quant	75%quant	90%quant
0	0.000000	0.000000	786	0.000000	0.000000	0.000000	0.000000	0.000000
100	0.016230	0.020686	786	0.001666	0.004475	0.009593	0.019252	0.035060
200	0.032395	0.040913	786	0.003332	0.008949	0.019187	0.038504	0.070120
300	0.048147	0.059427	786	0.004998	0.013424	0.028780	0.057756	0.105180
400	0.063312	0.075610	786	0.006664	0.017899	0.038374	0.076158	0.140240
500	0.077548	0.088222	786	0.008375	0.022441	0.047948	0.095197	0.171739
600	0.091229	0.100057	786	0.010746	0.027084	0.057237	0.113411	0.202726
700	0.104155	0.110926	786	0.012855	0.031746	0.067127	0.131252	0.231633
800	0.115969	0.119743	786	0.015230	0.036505	0.076747	0.148662	0.261645
900	0.126680	0.127120	786	0.017327	0.041585	0.085587	0.164472	0.282236
1000	0.136605	0.133740	786	0.019252	0.045762	0.094191	0.181484	0.305817
1100	0.145783	0.138335	786	0.020941	0.050608	0.102004	0.196287	0.321258
1200	0.153697	0.141065	786	0.023567	0.054915	0.109584	0.207254	0.336879
1300	0.160270	0.142122	786	0.026903	0.059321	0.121551	0.216572	0.349183
1400	0.165841	0.142338	786	0.028973	0.063563	0.126506	0.223512	0.353158
1500	0.170508	0.141840	786	0.031042	0.068146	0.130930	0.226739	0.358273
1600	0.173615	0.140216	786	0.032704	0.072478	0.136417	0.231904	0.357953
1700	0.176201	0.139140	786	0.035149	0.078142	0.142999	0.238952	0.364071
1800	0.178321	0.138237	786	0.037217	0.078744	0.144319	0.237121	0.367805
1900	0.179930	0.136941	786	0.040228	0.082700	0.148324	0.241033	0.365791
2000	0.181349	0.135374	786	0.042657	0.086011	0.150201	0.241027	0.364878
2100	0.182364	0.133676	786	0.044598	0.089242	0.151771	0.241593	0.358776
2200	0.182904	0.131844	786	0.046968	0.089085	0.155170	0.241872	0.355635
2300	0.183237	0.129997	786	0.045650	0.090479	0.155147	0.242047	0.350110
2400	0.183114	0.127923	786	0.047635	0.092399	0.155867	0.243929	0.347513
2500	0.182604	0.125770	786	0.047860	0.092340	0.154365	0.242712	0.343043
2600	0.182126	0.123813	786	0.050470	0.093458	0.156406	0.243759	0.340177
2700	0.181285	0.121986	786	0.052643	0.092694	0.156108	0.243411	0.336415
2800	0.180154	0.120147	786	0.051868	0.093476	0.158978	0.240565	0.330907
2900	0.179224	0.118000	786	0.051958	0.093222	0.158436	0.237727	0.331642
3000	0.178488	0.115743	786	0.053088	0.094020	0.156121	0.235111	0.329429
3100	0.177815	0.113691	786	0.052995	0.094548	0.157634	0.232706	0.327293
3200	0.177030	0.111567	786	0.054508	0.096289	0.156977	0.230537	0.323946
3300	0.176336	0.109641	786	0.056387	0.097441	0.158403	0.230954	0.320520
3400	0.175665	0.107852	786	0.057379	0.098814	0.158038	0.232446	0.321949
3500	0.175205	0.106228	786	0.057475	0.097489	0.157257	0.230794	0.319424
3600	0.174694	0.104750	786	0.058800	0.096223	0.157838	0.231612	0.317175
3700	0.174007	0.103333	786	0.058434	0.098111	0.157956	0.232683	0.308166
3800	0.173204	0.101923	786	0.056834	0.098924	0.157479	0.232900	0.308083
3900	0.172556	0.100625	786	0.056907	0.098552	0.156762	0.228875	0.308205
4000	0.172075	0.099198	786	0.055904	0.098794	0.157062	0.228859	0.312076
4100	0.171646	0.098043	786	0.056416	0.098401	0.155800	0.229633	0.309061
4200	0.171047	0.097248	786	0.056075	0.097101	0.156277	0.229451	0.307534
4300	0.170370	0.096438	786	0.056210	0.095269	0.158515	0.228439	0.302792
4400	0.169890	0.095600	786	0.056449	0.095421	0.159007	0.228390	0.298838
4500	0.169489	0.094687	786	0.058258	0.095803	0.159053	0.228356	0.295898
4600	0.169261	0.093908	786	0.058647	0.095738	0.158781	0.230020	0.293625
4700	0.168908	0.093193	786	0.057146	0.095447	0.162170	0.228279	0.292623
4800	0.168557	0.092439	786	0.056156	0.097324	0.162739	0.226548	0.292385
4900	0.168203	0.091622	786	0.055864	0.095462	0.162506	0.225618	0.289436
5000	0.167847	0.090668	786	0.057236	0.094183	0.161258	0.224730	0.290851
5100	0.167522	0.089807	786	0.057131	0.096062	0.160308	0.223841	0.292420
5200	0.167275	0.089179	786	0.057157	0.097789	0.159480	0.224997	0.290786
5300	0.167033	0.088587	786	0.055754	0.096743	0.158016	0.223526	0.290133
5400	0.166747	0.088015	786	0.055974	0.097319	0.158885	0.220923	0.288181
5500	0.166584	0.087683	786	0.056371	0.099034	0.159443	0.219732	0.287782
5600	0.166451	0.087365	786	0.055532	0.099408	0.160010	0.217449	0.285642
5700	0.166214	0.086992	786	0.056442	0.098740	0.159327	0.216398	0.284458
5800	0.165941	0.086651	786	0.057959	0.098584	0.157907	0.217305	0.282142
5900	0.165678	0.086234	786	0.057319	0.101429	0.158503	0.216425	0.279826
6000	0.165403	0.085847	786	0.058115	0.101942	0.155907	0.217388	0.281310
6100	0.165162	0.085464	786	0.057684	0.102070	0.154583	0.218141	0.282996
6200	0.165011	0.085111	786	0.059106	0.103393	0.154539	0.216791	0.282566
6300	0.164929	0.084851	786	0.059550	0.104204	0.155743	0.216084	0.281193
6400	0.164879	0.084663	786	0.060256	0.103284	0.157449	0.213149	0.277867
6500	0.164820	0.084484	786	0.061070	0.104356	0.160287	0.212962	0.278976
6600	0.164649	0.084394	786	0.059788	0.101671	0.158161	0.210480	0.278208
6700	0.164508	0.084343	786	0.061183	0.102923	0.158773	0.210896	0.276388
6800	0.164340	0.084257	786	0.059320	0.103843	0.158084	0.212586	0.276291
6900	0.164135	0.084106	786	0.059086	0.103869	0.157609	0.212910	0.276206
7000	0.163847	0.083938	786	0.058852	0.104419	0.157119	0.214885	0.275602
7100	0.163482	0.083649	786	0.058112	0.103698	0.155194	0.216492	0.273021
7200	0.163104	0.083334	786	0.056348	0.104118	0.153274	0.215816	0.272940
7300	0.162825	0.083176	786	0.059651	0.103630	0.152050	0.213994	0.271631
7400	0.162495	0.083072	786	0.060743	0.103377	0.152254	0.213171	0.271065
7500	0.162201	0.082762	786	0.060137	0.103157	0.151821	0.211803	0.268948
7600	0.162089	0.082517	786	0.059752	0.102794	0.153473	0.212035	0.269819
7700	0.162070	0.082236	786	0.057717	0.103282	0.154582	0.209353	0.271317
7800	0.161957	0.082077	786	0.056477	0.103082	0.154460	0.208652	0.268687
7900	0.161749	0.081784	786	0.057057	0.103846	0.154287	0.206917	0.268672
8000	0.161362	0.081383	786	0.057658	0.103796	0.153971	0.208540	0.266657
8100	0.160973	0.080880	786	0.056226	0.103771	0.154353	0.207209	0.264346
8200	0.160609	0.080305	786	0.056407	0.103805	0.154774	0.208155	0.263106
8300	0.160245	0.079765	786	0.057501	0.104118	0.154318	0.209651	0.259575
8400	0.159869	0.079265	786	0.057698	0.104292	0.152767	0.209585	0.258690
8500	0.159618	0.078849	786	0.058753	0.103771	0.154046	0.209957	0.255389
8600	0.159472	0.078610	786	0.058944	0.103248	0.153822	0.212509	0.256967
8700	0.159397	0.078440	786	0.061462	0.102548	0.154048	0.210254	0.256174
8800	0.159384	0.078385	786	0.060401	0.101858	0.154031	0.209793	0.255996
8900	0.159331	0.078418	786	0.062381	0.101047	0.154534	0.211061	0.257241
9000	0.159207	0.078399	786	0.062199	0.099085	0.154561	0.211479	0.258652
9100	0.159032	0.078396	786	0.062990	0.099171	0.154078	0.211833	0.259620
9200	0.158724	0.078250	786	0.062803	0.099495	0.152868	0.211275	0.261596
9300	0.158422	0.078174	786	0.060814	0.099690	0.152949	0.212481	0.260909
9400	0.158116	0.077967	786	0.060816	0.100359	0.150726	0.212845	0.260760
9500	0.157764	0.077800	786	0.060972	0.100676	0.150339	0.211504	0.262172
9600	0.157529	0.077553	786	0.061232	0.099639	0.151663	0.208290	0.260589
9700	0.157375	0.077282	786	0.061486	0.100914	0.151516	0.205497	0.259366
9800	0.157241	0.076911	786	0.061489	0.100483	0.150873	0.203091	0.259549
9900	0.157008	0.076636	786	0.061585	0.099781	0.149654	0.203049	0.259040
10000	0.156763	0.076218	786	0.062504	0.099558	0.149506	0.202161	0.257842
10100	0.156568	0.075851	786	0.062355	0.098943	0.149101	0.202984	0.257293
10200	0.156289	0.075457	786	0.061407	0.099360	0.147964	0.203040	0.256347
10300	0.155959	0.075072	786	0.061225	0.099109	0.148335	0.202076	0.257078
10400	0.155696	0.074773	786	0.060290	0.099210	0.148532	0.202305	0.254342
10500	0.155433	0.074552	786	0.061304	0.099499	0.150063	0.198906	0.254709
10600	0.155195	0.074415	786	0.061104	0.099833	0.149023	0.198952	0.257970
10700	0.155037	0.074414	786	0.058960	0.099652	0.149036	0.200196	0.259205
10800	0.154883	0.074470	786	0.058460	0.098997	0.148178	0.198781	0.258167
10900	0.154715	0.074577	786	0.057164	0.098169	0.148898	0.199633	0.258265
11000	0.154502	0.074650	786	0.056924	0.098824	0.147320	0.200683	0.255628
11100	0.154270	0.074727	786	0.055879	0.099120	0.147558	0.200321	0.256878
11200	0.153999	0.074772	786	0.056131	0.098006	0.147307	0.197867	0.258375
11300	0.153764	0.074932	786	0.057482	0.096320	0.148098	0.196951	0.257052
11400	0.153549	0.075238	786	0.056977	0.097340	0.147636	0.196949	0.257740
11500	0.153372	0.075426	786	0.057808	0.097442	0.146642	0.198597	0.258009
11600	0.153233	0.075507	786	0.057729	0.097486	0.145808	0.200246	0.257576
11700	0.153117	0.075497	786	0.058286	0.098939	0.144988	0.200044	0.256810
11800	0.152879	0.075431	786	0.058103	0.099079	0.143644	0.199326	0.257112
11900	0.152651	0.075316	786	0.057870	0.098808	0.143864	0.199677	0.258427
12000	0.152418	0.075197	786	0.058904	0.098572	0.141924	0.198490	0.257336
12100	0.152121	0.075057	786	0.058560	0.098307	0.141362	0.198517	0.256059
12200	0.151829	0.074986	786	0.057338	0.097121	0.139788	0.197956	0.254948
12300	0.151503	0.074902	786	0.057810	0.098043	0.140420	0.198592	0.254345
12400	0.151128	0.074975	786	0.056687	0.098710	0.140511	0.200703	0.255109
12500	0.150764	0.075036	786	0.057685	0.098138	0.140949	0.200292	0.254763
12600	0.150461	0.075001	786	0.058879	0.097774	0.139627	0.198407	0.255434
12700	0.150117	0.074948	786	0.060958	0.096286	0.139245	0.198343	0.253331
12800	0.149820	0.074895	786	0.058594	0.094469	0.139557	0.197806	0.253568
12900	0.149499	0.074794	786	0.059261	0.095802	0.138545	0.196969	0.253227
13000	0.149249	0.074641	786	0.058970	0.095129	0.138733	0.195412	0.253312
13100	0.148960	0.074442	786	0.059146	0.093566	0.139461	0.194672	0.251480
13200	0.148667	0.074275	786	0.058990	0.093362	0.138834	0.193886	0.251033
13300	0.148301	0.074124	786	0.057927	0.092589	0.138509	0.194636	0.250997
13400	0.147835	0.073902	786	0.057730	0.092431	0.138495	0.193913	0.250756
13500	0.147383	0.073620	786	0.059309	0.093026	0.139381	0.193712	0.251275
13600	0.146979	0.073269	786	0.058377	0.092530	0.139858	0.194428	0.247909
13700	0.146509	0.072910	786	0.058956	0.092050	0.138794	0.193504	0.245230
13800	0.146088	0.072598	786	0.058141	0.093248	0.137172	0.193129	0.242207
13900	0.145672	0.072255	786	0.057916	0.093712	0.136121	0.192668	0.239883
14000	0.145319	0.071956	786	0.056973	0.094148	0.136784	0.192719	0.239677
14100	0.145041	0.071759	786	0.056518	0.092782	0.137765	0.191294	0.239686
14200	0.144732	0.071670	786	0.057429	0.093424	0.138009	0.189618	0.240453
14300	0.144452	0.071618	786	0.057179	0.093645	0.137151	0.189514	0.239863
14400	0.144235	0.071626	786	0.055429	0.092871	0.138229	0.188807	0.237322
14500	0.144037	0.071678	786	0.055123	0.091908	0.138121	0.189156	0.237972
14600	0.143814	0.071744	786	0.055143	0.090262	0.136654	0.189798	0.238482
14700	0.143501	0.071801	786	0.054494	0.089905	0.135309	0.189207	0.237437
14800	0.143148	0.071769	786	0.054945	0.089824	0.134142	0.188076	0.238042
14900	0.142809	0.071752	786	0.054716	0.088986	0.134240	0.187543	0.240756
15000	0.142435	0.071685	786	0.055779	0.090113	0.134957	0.186457	0.241074
15100	0.142078	0.071578	786	0.054766	0.089935	0.135050	0.186019	0.240135
15200	0.141845	0.071518	786	0.053960	0.090533	0.135262	0.185051	0.238828
15300	0.141682	0.071479	786	0.053872	0.088950	0.135201	0.186419	0.240618
15400	0.141473	0.071470	786	0.053484	0.089369	0.134928	0.185763	0.236243
15500	0.141126	0.071413	786	0.052675	0.089455	0.134285	0.185126	0.236769
15600	0.140734	0.071279	786	0.052175	0.089587	0.134012	0.184724	0.232197
15700	0.140327	0.071074	786	0.052928	0.090304	0.133614	0.184167	0.231395
15800	0.139873	0.070823	786	0.052301	0.090164	0.134228	0.183329	0.228650
15900	0.139474	0.070525	786	0.051914	0.089343	0.133582	0.182356	0.225883
16000	0.139011	0.070226	786	0.050737	0.089914	0.133311	0.181761	0.225716
16100	0.138477	0.069971	786	0.050694	0.088191	0.132514	0.181566	0.223813
16200	0.137982	0.069788	786	0.049429	0.088547	0.131472	0.180771	0.224506
16300	0.137439	0.069600	786	0.049522	0.087851	0.131365	0.179346	0.223897
16400	0.136945	0.069433	786	0.049283	0.086658	0.130412	0.178046	0.222711
16500	0.136466	0.069261	786	0.050311	0.085683	0.130551	0.177969	0.222606
16600	0.135978	0.069039	786	0.048866	0.084619	0.131217	0.176636	0.221280
16700	0.135504	0.068886	786	0.050880	0.084286	0.130803	0.176120	0.220001
16800	0.135029	0.068730	786	0.049971	0.084022	0.130806	0.175511	0.219538
16900	0.134566	0.068569	786	0.047632	0.084032	0.130501	0.175819	0.219611
17000	0.134075	0.068383	786	0.047300	0.083825	0.129878	0.176827	0.221213
17100	0.133566	0.068131	786	0.047188	0.082423	0.129349	0.175845	0.220153
17200	0.133069	0.067841	786	0.048000	0.082777	0.128633	0.175488	0.217932
17300	0.132635	0.067587	786	0.047535	0.082301	0.128903	0.174623	0.213862
17400	0.132217	0.067362	786	0.047871	0.081168	0.129075	0.172904	0.210831
17500	0.131761	0.067133	786	0.047178	0.081845	0.128754	0.173227	0.212053
17600	0.131296	0.066856	786	0.047296	0.079788	0.127542	0.172043	0.210048
17700	0.130808	0.066570	786	0.047490	0.079083	0.127223	0.173058	0.211083
17800	0.130329	0.066326	786	0.047326	0.078325	0.126564	0.172886	0.210092
17900	0.129779	0.066145	786	0.047196	0.078197	0.126037	0.172527	0.210579
18000	0.129206	0.065983	786	0.046563	0.076802	0.125665	0.172388	0.212570
18100	0.128666	0.065790	786	0.046356	0.077307	0.125441	0.171160	0.211918
18200	0.128155	0.065570	786	0.046408	0.076758	0.125422	0.170226	0.213933
18300	0.127667	0.065386	786	0.046474	0.076236	0.123450	0.169343	0.214373
18400	0.127223	0.065251	786	0.045935	0.077777	0.123431	0.168909	0.214880
18500	0.126826	0.064969	786	0.045232	0.078971	0.123132	0.167569	0.214009
18600	0.126416	0.064656	786	0.044520	0.078671	0.121883	0.167165	0.213084
18700	0.125946	0.064366	786	0.044428	0.077575	0.120998	0.166795	0.212977
18800	0.125475	0.064137	786	0.044998	0.076524	0.119964	0.166415	0.211353
18900	0.124987	0.063919	786	0.045995	0.077381	0.118667	0.166342	0.209489
19000	0.124519	0.063688	786	0.045376	0.076206	0.118981	0.164816	0.210802
19100	0.124077	0.063464	786	0.044361	0.076288	0.117577	0.164813	0.210526
19200	0.123574	0.063282	786	0.044245	0.075238	0.117100	0.162626	0.209184
19300	0.123059	0.063116	786	0.043954	0.074915	0.116525	0.162095	0.208473
19400	0.122543	0.062928	786	0.044779	0.074388	0.115607	0.162621	0.208413
19500	0.122040	0.062719	786	0.044522	0.074662	0.115194	0.162362	0.207713
19600	0.121551	0.062547	786	0.044646	0.073322	0.115051	0.162123	0.206778
19700	0.121016	0.062357	786	0.045949	0.073405	0.114429	0.160321	0.208352
19800	0.120486	0.062239	786	0.044067	0.072926	0.115292	0.157994	0.209856
19900	0.119977	0.062193	786	0.044213	0.072566	0.114065	0.158376	0.209792
20000	0.119505	0.062175	786	0.043800	0.072600	0.112931	0.156307	0.208438
20100	0.119043	0.062176	786	0.043344	0.071754	0.112580	0.155906	0.205477
20200	0.118579	0.062132	786	0.043181	0.071934	0.111925	0.157375	0.204425
20300	0.118143	0.062091	786	0.043448	0.071245	0.112403	0.157606	0.204211
20400	0.117752	0.062010	786	0.042845	0.071319	0.111942	0.156685	0.201238
20500	0.117358	0.061979	786	0.043568	0.070416	0.111018	0.155850	0.199912
20600	0.116979	0.061906	786	0.042727	0.070058	0.110244	0.154804	0.197530
20700	0.116594	0.061800	786	0.041094	0.070953	0.110038	0.153749	0.197271
20800	0.116192	0.061630	786	0.041892	0.071385	0.109841	0.152696	0.196855
20900	0.115826	0.061538	786	0.041424	0.070243	0.109252	0.152051	0.196713
21000	0.115385	0.061422	786	0.041229	0.070219	0.108897	0.151047	0.197145
21100	0.114876	0.061305	786	0.041586	0.068683	0.108250	0.149807	0.195012
21200	0.114410	0.061157	786	0.041100	0.067788	0.107963	0.149975	0.193930
21300	0.113935	0.060996	786	0.041355	0.066967	0.107006	0.149141	0.194017
21400	0.113423	0.060827	786	0.041172	0.066249	0.106745	0.148429	0.193802
21500	0.112903	0.060697	786	0.040122	0.065293	0.106024	0.147386	0.194054
21600	0.112401	0.060574	786	0.040346	0.064874	0.104954	0.146172	0.193188
21700	0.111879	0.060490	786	0.040547	0.064376	0.104635	0.145305	0.193459
21800	0.111416	0.060429	786	0.039914	0.063695	0.103719	0.145913	0.192481
21900	0.110972	0.060373	786	0.039955	0.063334	0.103369	0.145748	0.192280
22000	0.110510	0.060312	786	0.039626	0.062973	0.103318	0.145268	0.191754
22100	0.110039	0.060109	786	0.039595	0.062548	0.102317	0.143423	0.190445
22200	0.109520	0.059877	786	0.038859	0.062607	0.102747	0.142671	0.188858
22300	0.108991	0.059647	786	0.039226	0.062037	0.102269	0.141824	0.188534
22400	0.108512	0.059388	786	0.039158	0.061873	0.101603	0.141840	0.187172
22500	0.108034	0.059187	786	0.039035	0.061176	0.100529	0.141072	0.187303
22600	0.107513	0.058927	786	0.038480	0.061135	0.097887	0.140686	0.186003
22700	0.106985	0.058682	786	0.038583	0.061371	0.098275	0.139864	0.184096
22800	0.106402	0.058488	786	0.038664	0.060604	0.096728	0.139535	0.182887
22900	0.105869	0.058302	786	0.038579	0.061776	0.097178	0.138011	0.182506
23000	0.105362	0.058092	786	0.038508	0.062562	0.097279	0.137138	0.182112
23100	0.104899	0.057850	786	0.038294	0.062100	0.096644	0.136376	0.183745
23200	0.104469	0.057570	786	0.038584	0.062437	0.095536	0.135620	0.183396
23300	0.104029	0.057306	786	0.038620	0.061965	0.096374	0.136288	0.181655
23400	0.103579	0.057056	786	0.038025	0.061608	0.095543	0.134273	0.182262
23500	0.103129	0.056836	786	0.038388	0.062062	0.094963	0.133429	0.181679
23600	0.102635	0.056600	786	0.038370	0.061664	0.093656	0.132347	0.180140
23700	0.102060	0.056322	786	0.037253	0.061414	0.091749	0.130415	0.179121
23800	0.101476	0.055972	786	0.038050	0.060976	0.091907	0.129710	0.177304
23900	0.100845	0.055610	786	0.037318	0.059942	0.091124	0.128890	0.176333
24000	0.100180	0.055318	786	0.036851	0.059655	0.091175	0.127709	0.176140
24100	0.099538	0.055037	786	0.037071	0.059082	0.090791	0.126617	0.174978
24200	0.098890	0.054698	786	0.037091	0.057845	0.090599	0.126630	0.173515
24300	0.098228	0.054371	786	0.037728	0.057309	0.090048	0.126578	0.173708
24400	0.097608	0.054041	786	0.037749	0.056855	0.088808	0.126221	0.172792
24500	0.097009	0.053733	786	0.038407	0.056685	0.088263	0.124894	0.171099
24600	0.096443	0.053411	786	0.037387	0.056337	0.087226	0.125094	0.170143
24700	0.095857	0.053164	786	0.035784	0.057449	0.086825	0.124358	0.168161
24800	0.095299	0.052944	786	0.035061	0.057366	0.086577	0.123407	0.166020
24900	0.094758	0.052740	786	0.034776	0.056730	0.086047	0.122545	0.164737
25000	0.094193	0.052548	786	0.035280	0.056052	0.086101	0.121463	0.163778
25100	0.093609	0.052354	786	0.034242	0.055841	0.085152	0.121165	0.161995
25200	0.092999	0.052156	786	0.033619	0.055522	0.085792	0.121602	0.160238
25300	0.092427	0.051983	786	0.032816	0.054992	0.085187	0.120466	0.159442
25400	0.091848	0.051801	786	0.032834	0.054127	0.084642	0.119104	0.159112
25500	0.091319	0.051596	786	0.032957	0.054273	0.083969	0.118536	0.158243
25600	0.090778	0.051378	786	0.033351	0.053999	0.083633	0.117221	0.158015
25700	0.090251	0.051181	786	0.032603	0.053559	0.084177	0.116011	0.156637
25800	0.089790	0.050986	786	0.033225	0.053167	0.083201	0.116255	0.155556
25900	0.089359	0.050783	786	0.033173	0.052590	0.082339	0.115205	0.155730
26000	0.088906	0.050558	786	0.032711	0.052043	0.081933	0.114903	0.153724
26100	0.088408	0.050336	786	0.032983	0.051229	0.080285	0.114558	0.153727
26200	0.087890	0.050069	786	0.032814	0.051049	0.080886	0.114995	0.150402
26300	0.087374	0.049814	786	0.032443	0.050609	0.080401	0.114018	0.150322
26400	0.086896	0.049551	786	0.031654	0.050443	0.080193	0.113753	0.149881
26500	0.086425	0.049311	786	0.031074	0.050031	0.079869	0.113467	0.149309
26600	0.085976	0.049079	786	0.031377	0.049533	0.079557	0.113676	0.144769
26700	0.085496	0.048865	786	0.029752	0.049429	0.079098	0.113676	0.144209
26800	0.084999	0.048669	786	0.030002	0.049282	0.078075	0.113084	0.144059
26900	0.084512	0.048445	786	0.029305	0.049150	0.077916	0.112068	0.143088
27000	0.083989	0.048204	786	0.029914	0.048258	0.078554	0.110841	0.143097
27100	0.083492	0.047959	786	0.029727	0.047662	0.077553	0.110637	0.144198
27200	0.083023	0.047728	786	0.029604	0.047066	0.077715	0.108848	0.142342
27300	0.082588	0.047534	786	0.029468	0.047260	0.077284	0.108521	0.141612
27400	0.082173	0.047343	786	0.029231	0.046702	0.077037	0.108844	0.141153
27500	0.081764	0.047135	786	0.028181	0.045585	0.077203	0.107493	0.140701
27600	0.081380	0.046956	786	0.027270	0.045168	0.076720	0.107795	0.140474
27700	0.081001	0.046818	786	0.027167	0.044744	0.076288	0.107069	0.140488
27800	0.080597	0.046668	786	0.027330	0.044909	0.076552	0.106809	0.140176
27900	0.080159	0.046478	786	0.026682	0.045038	0.075346	0.106062	0.137994
28000	0.079714	0.046273	786	0.026759	0.045211	0.074468	0.105291	0.137026
28100	0.079270	0.046062	786	0.026836	0.045333	0.074055	0.104588	0.136788
28200	0.078828	0.045835	786	0.026964	0.045160	0.073111	0.104295	0.134560
28300	0.078427	0.045613	786	0.026237	0.044546	0.072884	0.103435	0.135228
28400	0.077989	0.045404	786	0.025663	0.044125	0.072055	0.102597	0.133830
28500	0.077586	0.045203	786	0.024832	0.044125	0.071593	0.102160	0.132623
28600	0.077181	0.045002	786	0.025108	0.044315	0.070651	0.101513	0.133489
28700	0.076788	0.044815	786	0.024527	0.044520	0.070515	0.101142	0.134576
28800	0.076405	0.044650	786	0.024145	0.044505	0.069794	0.100234	0.134538
28900	0.076067	0.044555	786	0.024001	0.044218	0.069743	0.099911	0.133788
29000	0.075685	0.044448	786	0.024458	0.043689	0.069428	0.099944	0.134013
29100	0.075319	0.044309	786	0.025329	0.044113	0.068337	0.099357	0.133040
29200	0.074973	0.044153	786	0.025055	0.044188	0.068000	0.098961	0.134263
29300	0.074590	0.043968	786	0.024973	0.043691	0.067336	0.097745	0.133968
29400	0.074206	0.043812	786	0.024700	0.042793	0.067078	0.097256	0.132414
29500	0.073821	0.043658	786	0.024596	0.042406	0.066525	0.096167	0.131965
29600	0.073441	0.043506	786	0.024371	0.042239	0.066559	0.096225	0.131421
29700	0.073061	0.043373	786	0.024362	0.042263	0.065791	0.096599	0.130425
29800	0.072669	0.043253	786	0.024726	0.042018	0.065192	0.096466	0.128867
29900	0.072218	0.043125	786	0.024073	0.041825	0.064697	0.096052	0.129271
30000	0.071688	0.042982	786	0.023384	0.040914	0.064446	0.094556	0.126607
30100	0.071169	0.042776	786	0.023188	0.040865	0.063624	0.093672	0.125621
30200	0.070640	0.042543	786	0.023258	0.040533	0.062650	0.093098	0.124820
30300	0.070118	0.042296	786	0.022947	0.040460	0.061627	0.091911	0.124901
30400	0.069617	0.042021	786	0.022682	0.040275	0.060826	0.091255	0.123797
30500	0.069101	0.041722	786	0.022576	0.040100	0.059893	0.090285	0.122060
30600	0.068628	0.041469	786	0.022952	0.040173	0.059060	0.089497	0.121570
30700	0.068200	0.041240	786	0.022807	0.040556	0.059181	0.088339	0.120084
30800	0.067818	0.041037	786	0.022314	0.040026	0.059144	0.088810	0.119602
30900	0.067458	0.040840	786	0.022277	0.039564	0.059512	0.087371	0.119564
31000	0.067112	0.040669	786	0.021966	0.039515	0.059457	0.086654	0.119473
31100	0.066742	0.040480	786	0.022205	0.039274	0.059254	0.086376	0.119353
31200	0.066351	0.040328	786	0.021580	0.038848	0.058361	0.086133	0.118143
31300	0.065932	0.040198	786	0.021770	0.038297	0.058072	0.085865	0.118295
31400	0.065535	0.040077	786	0.021758	0.038119	0.057842	0.085249	0.117638
31500	0.065142	0.039892	786	0.021786	0.037810	0.057265	0.084614	0.116371
31600	0.064731	0.039643	786	0.021265	0.037182	0.057262	0.083035	0.115606
31700	0.064340	0.039422	786	0.021557	0.036950	0.057155	0.083319	0.114903
31800	0.063926	0.039195	786	0.020897	0.036504	0.056472	0.082783	0.114343
31900	0.063473	0.038991	786	0.020699	0.036012	0.056463	0.082229	0.113789
32000	0.062976	0.038782	786	0.020607	0.035937	0.055884	0.081708	0.111716
32100	0.062516	0.038578	786	0.020092	0.035482	0.055208	0.081384	0.110835
32200	0.062085	0.038404	786	0.019671	0.035171	0.054736	0.081330	0.111183
32300	0.061657	0.038246	786	0.019228	0.034806	0.054176	0.080346	0.110510
32400	0.061295	0.038134	786	0.018866	0.034492	0.054237	0.079906	0.110170
32500	0.060904	0.038029	786	0.018515	0.034165	0.054035	0.079145	0.111507
32600	0.060513	0.037926	786	0.018704	0.033521	0.053377	0.078766	0.111706
32700	0.060120	0.037806	786	0.018674	0.032924	0.052846	0.079181	0.110021
32800	0.059781	0.037655	786	0.018134	0.032485	0.052230	0.078430	0.109105
32900	0.059438	0.037509	786	0.017668	0.032794	0.052630	0.077609	0.108511
33000	0.059102	0.037355	786	0.016892	0.032813	0.052540	0.077146	0.107099
33100	0.058771	0.037153	786	0.016421	0.032288	0.052597	0.077602	0.106537
33200	0.058458	0.036937	786	0.016023	0.031758	0.051664	0.076893	0.106795
33300	0.058130	0.036722	786	0.015394	0.031323	0.051073	0.077323	0.106260
33400	0.057834	0.036543	786	0.015368	0.031405	0.051469	0.076836	0.104937
33500	0.057574	0.036373	786	0.015625	0.031165	0.051007	0.076982	0.103957
33600	0.057340	0.036206	786	0.015976	0.030888	0.050884	0.077304	0.103512
33700	0.057112	0.036091	786	0.016288	0.030871	0.050877	0.077678	0.102613
33800	0.056843	0.035989	786	0.016279	0.030477	0.050278	0.077743	0.101973
33900	0.056578	0.035904	786	0.016230	0.030308	0.050331	0.077803	0.102069
34000	0.056318	0.035801	786	0.016198	0.030336	0.050336	0.076895	0.101537
34100	0.056048	0.035668	786	0.016077	0.030049	0.049912	0.076558	0.101690
34200	0.055784	0.035562	786	0.016160	0.029661	0.049262	0.075948	0.101985
34300	0.055530	0.035450	786	0.016275	0.029602	0.048542	0.075686	0.101954
34400	0.055228	0.035330	786	0.016658	0.029419	0.048540	0.074943	0.101743
34500	0.054915	0.035231	786	0.016193	0.028915	0.047554	0.074695	0.100447
34600	0.054602	0.035142	786	0.015856	0.028535	0.047213	0.074412	0.100461
34700	0.054295	0.035084	786	0.015463	0.028153	0.046795	0.073722	0.100403
34800	0.054003	0.035042	786	0.015591	0.027953	0.045751	0.073652	0.098995
34900	0.053715	0.035030	786	0.015154	0.027754	0.045776	0.073125	0.097822
35000	0.053449	0.035009	786	0.015270	0.027886	0.045292	0.073146	0.100027
35100	0.053162	0.035002	786	0.015150	0.027759	0.045067	0.072834	0.100247
35200	0.052897	0.034997	786	0.014999	0.027708	0.045184	0.072523	0.100354
35300	0.052647	0.034954	786	0.014823	0.027538	0.045247	0.071865	0.101408
35400	0.052432	0.034864	786	0.014720	0.027094	0.044938	0.070787	0.099289
35500	0.052224	0.034764	786	0.014718	0.027090	0.044367	0.070819	0.098877
35600	0.052035	0.034680	786	0.014566	0.027443	0.043686	0.070385	0.097430
35700	0.051849	0.034586	786	0.014477	0.027518	0.043233	0.069693	0.097276
35800	0.051652	0.034448	786	0.014446	0.027111	0.043494	0.069169	0.096487
35900	0.051462	0.034298	786	0.014353	0.027184	0.043474	0.068033	0.095884
36000	0.051269	0.034166	786	0.014304	0.027343	0.043214	0.067645	0.096298
36100	0.051054	0.034034	786	0.014254	0.026994	0.043153	0.067514	0.095764
36200	0.050877	0.033928	786	0.014617	0.026805	0.043362	0.067523	0.097017
36300	0.050691	0.033804	786	0.014336	0.026613	0.043653	0.067017	0.096759
36400	0.050488	0.033667	786	0.014340	0.026703	0.043802	0.066038	0.095342
36500	0.050251	0.033540	786	0.014296	0.026557	0.043239	0.065526	0.095674
36600	0.050001	0.033440	786	0.014363	0.026190	0.042760	0.065001	0.095545
36700	0.049747	0.033346	786	0.014625	0.025944	0.042277	0.064534	0.095278
36800	0.049512	0.033267	786	0.014495	0.025949	0.042158	0.065019	0.095213
36900	0.049304	0.033215	786	0.014208	0.025404	0.042202	0.064976	0.093992
37000	0.049089	0.033172	786	0.014175	0.025305	0.042207	0.064942	0.093542
37100	0.048874	0.033114	786	0.014129	0.024920	0.041856	0.064924	0.092649
37200	0.048621	0.033046	786	0.014418	0.025091	0.041419	0.064279	0.093210
37300	0.048355	0.032982	786	0.014267	0.025011	0.040908	0.063592	0.092585
37400	0.048090	0.032948	786	0.014716	0.024462	0.040665	0.062988	0.092514
37500	0.047851	0.032933	786	0.014680	0.023936	0.040417	0.063146	0.092243
37600	0.047615	0.032904	786	0.013828	0.024185	0.039671	0.063159	0.092079
37700	0.047388	0.032867	786	0.013533	0.024331	0.039103	0.062392	0.091087
37800	0.047143	0.032812	786	0.013543	0.024349	0.038589	0.061977	0.090268
37900	0.046929	0.032757	786	0.013838	0.024313	0.038851	0.061503	0.089387
38000	0.046667	0.032654	786	0.013204	0.024065	0.037946	0.060894	0.089911
38100	0.046446	0.032524	786	0.012934	0.023739	0.037974	0.059776	0.089146
38200	0.046232	0.032384	786	0.013002	0.023440	0.038258	0.059842	0.089127
38300	0.045986	0.032244	786	0.013060	0.023048	0.038664	0.059217	0.088735
38400	0.045687	0.032087	786	0.013405	0.022710	0.037966	0.059294	0.088343
38500	0.045391	0.031944	786	0.013187	0.022926	0.037650	0.059436	0.087721
38600	0.045082	0.031790	786	0.013163	0.022811	0.037866	0.058744	0.087477
38700	0.044793	0.031643	786	0.013051	0.022620	0.037534	0.058529	0.085802
38800	0.044525	0.031465	786	0.013082	0.022704	0.037428	0.058358	0.084872
38900	0.044283	0.031287	786	0.012856	0.022538	0.037117	0.058381	0.084814
39000	0.044071	0.031122	786	0.012803	0.022739	0.036773	0.057822	0.084513
39100	0.043873	0.030984	786	0.011975	0.022918	0.036727	0.057471	0.082978
39200	0.043676	0.030814	786	0.011865	0.022917	0.036495	0.057251	0.082246
39300	0.043459	0.030633	786	0.011839	0.022772	0.036871	0.056508	0.081711
39400	0.043223	0.030478	786	0.011979	0.022799	0.036645	0.056360	0.081176
39500	0.043014	0.030311	786	0.012048	0.022536	0.036231	0.056128	0.081053
39600	0.042814	0.030126	786	0.012365	0.022423	0.035844	0.056683	0.081090
39700	0.042598	0.029960	786	0.012041	0.022387	0.035972	0.056609	0.081423
39800	0.042388	0.029815	786	0.012166	0.022410	0.035822	0.055866	0.080717
39900	0.042192	0.029712	786	0.012063	0.021999	0.035478	0.055027	0.081395
40000	0.042004	0.029608	786	0.012166	0.021773	0.035124	0.055605	0.081956
40100	0.041824	0.029488	786	0.012004	0.021190	0.034976	0.055318	0.080683
40200	0.041663	0.029377	786	0.012052	0.020935	0.035028	0.055377	0.079796
40300	0.041487	0.029257	786	0.011836	0.021007	0.034753	0.054798	0.080022
40400	0.041335	0.029124	786	0.012336	0.020821	0.034699	0.054602	0.080289
40500	0.041202	0.028984	786	0.012350	0.020966	0.034196	0.054672	0.079533
40600	0.041087	0.028880	786	0.012111	0.020701	0.034344	0.055004	0.078823
40700	0.040982	0.028773	786	0.012149	0.020680	0.034509	0.054679	0.079194
40800	0.040864	0.028674	786	0.011548	0.020832	0.034294	0.054331	0.078398
40900	0.040734	0.028576	786	0.011478	0.020796	0.034574	0.054374	0.078525
41000	0.040599	0.028471	786	0.011281	0.020666	0.034751	0.054317	0.078116
41100	0.040499	0.028361	786	0.011538	0.020610	0.035001	0.054385	0.077442
41200	0.040410	0.028296	786	0.011420	0.020134	0.034642	0.054351	0.076483
41300	0.040327	0.028242	786	0.011658	0.020346	0.034821	0.054242	0.075355
41400	0.040253	0.028171	786	0.011778	0.020145	0.034450	0.053455	0.075329
41500	0.040173	0.028088	786	0.011882	0.020246	0.034782	0.053237	0.074845
41600	0.040050	0.027998	786	0.011790	0.020264	0.034775	0.052794	0.075415
41700	0.039907	0.027876	786	0.011787	0.020341	0.034374	0.052519	0.075061
41800	0.039740	0.027745	786	0.011677	0.020432	0.033920	0.052675	0.073910
41900	0.039540	0.027620	786	0.011538	0.020256	0.033674	0.052108	0.073172
42000	0.039321	0.027488	786	0.011172	0.020021	0.033704	0.051620	0.072897
42100	0.039103	0.027384	786	0.010724	0.019874	0.033406	0.051348	0.072357
42200	0.038920	0.027285	786	0.010751	0.019713	0.033336	0.050880	0.072483
42300	0.038731	0.027174	786	0.010772	0.019372	0.033456	0.050056	0.070154
42400	0.038554	0.027077	786	0.010777	0.019590	0.033259	0.049743	0.070842
42500	0.038383	0.027004	786	0.010240	0.019250	0.033425	0.049460	0.071022
42600	0.038206	0.026932	786	0.010180	0.018961	0.033378	0.049453	0.070791
42700	0.038004	0.026868	786	0.009917	0.018868	0.033056	0.048954	0.070652
42800	0.037783	0.026773	786	0.009573	0.018872	0.032969	0.048818	0.068764
42900	0.037577	0.026727	786	0.009846	0.018979	0.033017	0.048794	0.068939
43000	0.037405	0.026650	786	0.010074	0.018753	0.032936	0.048750	0.068509
43100	0.037239	0.026562	786	0.010031	0.018745	0.032179	0.049000	0.069027
43200	0.037083	0.026476	786	0.009957	0.018816	0.031960	0.049288	0.069557
43300	0.036934	0.026406	786	0.009942	0.018343	0.031906	0.049153	0.069707
43400	0.036796	0.026344	786	0.010224	0.018011	0.032010	0.048670	0.069045
43500	0.036622	0.026083	786	0.010149	0.017973	0.031425	0.048836	0.068550
43600	0.036486	0.025990	786	0.010082	0.017638	0.031449	0.048775	0.068006
43700	0.036333	0.025871	786	0.009915	0.017759	0.030717	0.048409	0.067576
43800	0.036172	0.025769	786	0.009951	0.017807	0.030565	0.047909	0.067664
43900	0.036004	0.025688	786	0.010200	0.017882	0.030134	0.047653	0.067754
44000	0.035795	0.025599	786	0.010100	0.017266	0.029933	0.047263	0.067459
44100	0.035576	0.025509	786	0.009750	0.017409	0.030177	0.046832	0.067449
44200	0.035327	0.025418	786	0.009648	0.017430	0.029678	0.046272	0.067002
44300	0.035083	0.025332	786	0.009789	0.017245	0.028974	0.046358	0.066608
44400	0.034835	0.025271	786	0.009435	0.016816	0.028974	0.046511	0.065416
44500	0.034585	0.025218	786	0.009068	0.016460	0.028637	0.045737	0.065197
44600	0.034366	0.025157	786	0.008880	0.016264	0.028694	0.045608	0.065150
44700	0.034146	0.025039	786	0.008748	0.015926	0.028508	0.045602	0.065289
44800	0.033952	0.024963	786	0.008728	0.015936	0.028438	0.045443	0.066199
44900	0.033781	0.024879	786	0.008739	0.015758	0.028334	0.045045	0.065751
45000	0.033623	0.024802	786	0.008624	0.015475	0.027821	0.044507	0.065517
45100	0.033496	0.024730	786	0.008577	0.015458	0.027665	0.044642	0.066043
45200	0.033379	0.024640	786	0.008633	0.015348	0.027903	0.044498	0.065157
45300	0.033231	0.024525	786	0.008224	0.015444	0.027699	0.044334	0.064271
45400	0.033100	0.024346	786	0.008108	0.015576	0.027783	0.043790	0.064660
45500	0.032995	0.024252	786	0.008026	0.015695	0.027959	0.043757	0.063650
45600	0.032912	0.024139	786	0.007792	0.015711	0.028116	0.043606	0.062966
45700	0.032836	0.024020	786	0.007904	0.016018	0.028218	0.043741	0.061752
45800	0.032762	0.023921	786	0.007929	0.015870	0.028073	0.043651	0.062684
45900	0.032692	0.023841	786	0.007760	0.015737	0.028293	0.043146	0.062322
46000	0.032620	0.023806	786	0.007801	0.015701	0.027949	0.042901	0.062295
46100	0.032556	0.023787	786	0.007660	0.015644	0.027953	0.042398	0.062447
46200	0.032471	0.023780	786	0.007603	0.015753	0.027714	0.041856	0.062638
46300	0.032377	0.023762	786	0.007433	0.015663	0.027438	0.042087	0.062829
46400	0.032260	0.023673	786	0.007309	0.015656	0.027287	0.042121	0.062319
46500	0.032152	0.023594	786	0.007101	0.015426	0.027378	0.041951	0.062432
46600	0.032018	0.023488	786	0.007417	0.015208	0.027403	0.041587	0.062390
46700	0.031890	0.023414	786	0.007401	0.014942	0.027034	0.041485	0.061856
46800	0.031775	0.023358	786	0.007315	0.015400	0.026642	0.041159	0.061974
46900	0.031653	0.023301	786	0.007393	0.015649	0.026479	0.041092	0.061554
47000	0.031528	0.023241	786	0.007356	0.015646	0.026476	0.041324	0.061135
47100	0.031398	0.023195	786	0.007059	0.015616	0.026444	0.040538	0.061634
47200	0.031259	0.023125	786	0.006838	0.015273	0.026336	0.040310	0.060853
47300	0.031115	0.023069	786	0.007023	0.014911	0.026303	0.040460	0.059999
47400	0.030998	0.023007	786	0.007015	0.015105	0.026397	0.040048	0.059697
47500	0.030893	0.022927	786	0.006920	0.015136	0.026148	0.039788	0.059082
47600	0.030839	0.022814	785	0.006803	0.015256	0.026238	0.039814	0.058380
47700	0.030764	0.022740	785	0.006981	0.015000	0.026085	0.039856	0.058559
47800	0.030663	0.022649	785	0.007092	0.014976	0.026357	0.039736	0.058849
47900	0.030558	0.022562	785	0.007060	0.014628	0.026069	0.039429	0.058503
48000	0.030439	0.022444	785	0.007059	0.014402	0.025781	0.039088	0.058311
48100	0.030310	0.022320	785	0.006921	0.014324	0.025676	0.039171	0.057109
48200	0.030176	0.022217	785	0.006995	0.014069	0.025529	0.039151	0.057004
48300	0.030037	0.022125	785	0.006912	0.014071	0.025348	0.039772	0.056690
48400	0.029908	0.022030	785	0.007028	0.013873	0.025113	0.039584	0.056677
48500	0.029769	0.021919	785	0.007016	0.014012	0.025024	0.039582	0.055907
48600	0.029632	0.021801	785	0.007012	0.014174	0.024986	0.039575	0.055370
48700	0.029512	0.021661	785	0.007242	0.014501	0.024862	0.039206	0.054845
48800	0.029367	0.021528	785	0.007310	0.014194	0.024843	0.038914	0.053811
48900	0.029228	0.021408	785	0.007384	0.014111	0.025039	0.038684	0.054094
49000	0.029072	0.021310	785	0.007327	0.014094	0.025041	0.038430	0.054072
49100	0.028923	0.021135	785	0.007481	0.013806	0.025092	0.038264	0.054565
49200	0.028787	0.020996	785	0.007561	0.013855	0.024692	0.038197	0.054479
49300	0.028682	0.020892	785	0.007468	0.013749	0.024385	0.038395	0.054392
49400	0.028599	0.020810	785	0.007419	0.013559	0.024028	0.038273	0.054305
49500	0.028533	0.020727	785	0.007310	0.013771	0.023550	0.038015	0.054219
49600	0.028465	0.020668	785	0.007340	0.013713	0.023886	0.037869	0.054701
49700	0.028411	0.020638	785	0.007319	0.013814	0.023827	0.037778	0.054969
49800	0.028349	0.020563	785	0.007562	0.013866	0.023600	0.037489	0.054858
49900	0.028271	0.020464	785	0.007418	0.013890	0.023669	0.037268	0.054627
50000	0.028183	0.020360	785	0.007471	0.013913	0.023525	0.036934	0.054692
50100	0.028109	0.020272	785	0.007408	0.014020	0.023592	0.036901	0.053716
50200	0.028030	0.020210	785	0.007334	0.013921	0.023630	0.037103	0.053690
50300	0.027931	0.020135	785	0.007252	0.014033	0.023354	0.036687	0.053926
50400	0.027839	0.020070	785	0.007535	0.013857	0.023464	0.036118	0.054141
50500	0.027763	0.019984	785	0.007187	0.013770	0.023658	0.035957	0.053410
50600	0.027694	0.019893	785	0.007123	0.013817	0.023718	0.035784	0.053686
50700	0.027592	0.019778	785	0.007218	0.013858	0.023475	0.035660	0.053663
50800	0.027503	0.019665	785	0.007379	0.013929	0.023460	0.035507	0.053678
50900	0.027418	0.019431	785	0.007192	0.014041	0.023328	0.035392	0.053799
51000	0.027337	0.019371	785	0.006900	0.013940	0.023147	0.035077	0.053089
51100	0.027259	0.019302	785	0.006686	0.013715	0.022852	0.035196	0.052875
51200	0.027171	0.019224	785	0.006517	0.013819	0.023032	0.035209	0.052253
51300	0.027080	0.019160	785	0.006343	0.013914	0.022826	0.035520	0.051534
51400	0.026970	0.019107	785	0.006199	0.013806	0.022708	0.035379	0.051184
51500	0.026830	0.019048	785	0.006209	0.013725	0.022564	0.035428	0.050787
51600	0.026691	0.019015	785	0.006125	0.013570	0.022312	0.035765	0.050462
51700	0.026551	0.018990	785	0.006113	0.013472	0.022268	0.035734	0.050088
51800	0.026420	0.018975	785	0.006085	0.013138	0.022315	0.035536	0.049908
51900	0.026295	0.018962	785	0.006277	0.012976	0.022316	0.035573	0.050084
52000	0.026184	0.018934	785	0.006162	0.012892	0.022325	0.035070	0.050402
52100	0.026073	0.018877	785	0.006245	0.012744	0.022217	0.034860	0.049982
52200	0.025954	0.018805	785	0.006332	0.012634	0.021910	0.034544	0.050134
52300	0.025827	0.018756	785	0.006269	0.012678	0.021746	0.034080	0.049869
52400	0.025701	0.018703	785	0.006122	0.012754	0.021535	0.033774	0.049367
52500	0.025569	0.018645	785	0.006127	0.012585	0.021312	0.033750	0.049252
52600	0.025422	0.018615	785	0.005908	0.012599	0.021270	0.033641	0.048462
52700	0.025269	0.018565	785	0.005805	0.012305	0.021221	0.033382	0.047539
52800	0.025094	0.018382	785	0.005874	0.012264	0.020844	0.033689	0.046943
52900	0.024960	0.018320	785	0.005926	0.012339	0.020888	0.033374	0.046256
53000	0.024828	0.018268	785	0.006020	0.012039	0.020700	0.033284	0.045976
53100	0.024702	0.018219	785	0.005990	0.011848	0.020860	0.032734	0.045850
53200	0.024590	0.018171	785	0.005989	0.011751	0.020734	0.032749	0.046962
53300	0.024488	0.018119	785	0.006119	0.011625	0.020537	0.032917	0.046789
53400	0.024416	0.018075	785	0.006195	0.011583	0.020357	0.032981	0.045826
53500	0.024327	0.018019	785	0.006262	0.011592	0.020612	0.032734	0.045447
53600	0.024243	0.017957	785	0.006043	0.011242	0.020574	0.032320	0.045412
53700	0.024154	0.017888	785	0.006076	0.011497	0.020571	0.032038	0.045572
53800	0.024067	0.017838	785	0.006054	0.011156	0.020615	0.032037	0.045781
53900	0.023969	0.017788	785	0.006111	0.011284	0.020364	0.031889	0.045501
54000	0.023864	0.017749	785	0.005910	0.011218	0.020102	0.031941	0.045318
54100	0.023757	0.017727	785	0.006087	0.011160	0.019911	0.031338	0.045025
54200	0.023660	0.017685	785	0.005879	0.011247	0.020109	0.031598	0.045138
54300	0.023585	0.017647	785	0.005687	0.011220	0.020002	0.031341	0.045208
54400	0.023504	0.017589	785	0.006010	0.011105	0.019726	0.031337	0.044763
54500	0.023427	0.017530	785	0.005932	0.010890	0.019929	0.031037	0.044317
54600	0.023342	0.017441	785	0.005943	0.010981	0.019932	0.031192	0.044310
54700	0.023283	0.017419	785	0.005802	0.010803	0.019636	0.030665	0.043911
54800	0.023230	0.017402	785	0.005701	0.010877	0.019597	0.030749	0.044044
54900	0.023154	0.017292	785	0.005729	0.010810	0.019404	0.030517	0.044381
55000	0.023071	0.017228	785	0.005903	0.010817	0.019463	0.030406	0.044355
55100	0.022972	0.017163	785	0.005822	0.010877	0.019095	0.030127	0.044074
55200	0.022859	0.017098	785	0.005723	0.010691	0.018847	0.030090	0.043462
55300	0.022745	0.017042	785	0.005779	0.010420	0.018708	0.030216	0.043318
55400	0.022636	0.016997	785	0.005720	0.010349	0.018657	0.030309	0.044031
55500	0.022535	0.016939	785	0.005766	0.010266	0.018322	0.030358	0.043646
55600	0.022431	0.016883	785	0.005753	0.010118	0.018231	0.030230	0.044307
55700	0.022337	0.016840	785	0.005676	0.010239	0.018193	0.030010	0.043697
55800	0.022246	0.016792	785	0.005599	0.010113	0.018052	0.030001	0.043245
55900	0.022170	0.016751	785	0.005522	0.010204	0.018106	0.029721	0.043678
56000	0.022110	0.016684	785	0.005464	0.010269	0.018082	0.029901	0.043319
56100	0.022068	0.016630	785	0.005343	0.010274	0.017985	0.029591	0.043886
56200	0.022013	0.016564	785	0.005345	0.010361	0.018119	0.029432	0.043870
56300	0.021938	0.016492	785	0.005405	0.010434	0.018140	0.029257	0.044140
56400	0.021855	0.016411	785	0.005341	0.010207	0.018266	0.029402	0.043890
56500	0.021762	0.016304	785	0.005147	0.010194	0.018380	0.029243	0.043957
56600	0.021670	0.016222	785	0.005350	0.010111	0.018229	0.029398	0.043733
56700	0.021581	0.016159	785	0.005317	0.009813	0.018112	0.029293	0.043705
56800	0.021492	0.016094	785	0.004931	0.009769	0.018113	0.028986	0.043708
56900	0.021400	0.016036	785	0.004867	0.009785	0.017865	0.028733	0.043756
57000	0.021318	0.015999	785	0.004876	0.009853	0.017579	0.028710	0.043986
57100	0.021214	0.015953	785	0.004738	0.009848	0.017345	0.028406	0.043931
57200	0.021126	0.015921	785	0.004671	0.009848	0.017209	0.028567	0.043941
57300	0.021052	0.015912	785	0.004593	0.009792	0.017045	0.028293	0.044176
57400	0.020999	0.015903	785	0.004493	0.009750	0.016995	0.028292	0.044037
57500	0.020925	0.015882	785	0.004402	0.009691	0.017068	0.028110	0.043631
57600	0.020853	0.015858	785	0.004473	0.009791	0.017173	0.027650	0.043491
57700	0.020766	0.015813	785	0.004404	0.009729	0.017045	0.027897	0.043396
57800	0.020696	0.015786	785	0.004436	0.009502	0.016969	0.028129	0.043509
57900	0.020633	0.015762	785	0.004427	0.009293	0.016760	0.027982	0.043162
58000	0.020564	0.015735	785	0.004433	0.009232	0.016821	0.027969	0.043618
58100	0.020484	0.015702	785	0.004405	0.009158	0.016604	0.027855	0.043742
58200	0.020387	0.015662	785	0.004358	0.009247	0.016508	0.027224	0.044062
58300	0.020295	0.015586	785	0.004222	0.009058	0.016742	0.027312	0.043450
58400	0.020217	0.015538	785	0.004195	0.009245	0.016857	0.027100	0.042744
58500	0.020147	0.015502	785	0.004081	0.009019	0.016728	0.027139	0.042426
58600	0.020089	0.015466	785	0.004075	0.008970	0.016540	0.026844	0.042133
58700	0.020034	0.015432	785	0.004234	0.008893	0.016396	0.026673	0.041224
58800	0.019980	0.015401	785	0.004368	0.009119	0.016336	0.026443	0.040911
58900	0.019925	0.015382	785	0.004330	0.009030	0.016217	0.026367	0.040779
59000	0.019857	0.015362	785	0.004293	0.008966	0.016335	0.026259	0.040024
59100	0.019776	0.015327	785	0.004323	0.008846	0.016183	0.026261	0.039258
59200	0.019689	0.015306	785	0.004271	0.008652	0.016015	0.026355	0.038716
59300	0.019604	0.015269	785	0.004283	0.008686	0.015868	0.026253	0.038589
59400	0.019531	0.015250	785	0.004283	0.008695	0.015914	0.026135	0.039094
59500	0.019466	0.015223	785	0.004229	0.008518	0.015976	0.025596	0.038812
59600	0.019407	0.015211	785	0.004128	0.008421	0.016111	0.025708	0.038825
59700	0.019339	0.015211	785	0.004045	0.008280	0.016136	0.025758	0.038581
59800	0.019281	0.015204	785	0.004077	0.008234	0.016121	0.025231	0.039221
59900	0.019213	0.015198	785	0.003960	0.008168	0.016229	0.025027	0.038738
60000	0.019143	0.015194	785	0.003927	0.008012	0.016167	0.025215	0.038535
60100	0.019071	0.015181	785	0.003778	0.008078	0.015873	0.025083	0.038254
60200	0.019003	0.015151	785	0.003632	0.008054	0.015894	0.025184	0.037913
60300	0.018950	0.015161	785	0.003785	0.008009	0.015515	0.025111	0.037624
60400	0.018938	0.015167	784	0.003844	0.008107	0.015476	0.024971	0.037450
60500	0.018906	0.015182	784	0.003869	0.008044	0.015367	0.025104	0.036740
60600	0.018887	0.015204	784	0.003925	0.007962	0.015582	0.025259	0.036571
60700	0.018861	0.015210	784	0.003867	0.007946	0.015716	0.025461	0.036282
60800	0.018818	0.015216	784	0.003917	0.007771	0.015676	0.025491	0.036379
60900	0.018782	0.015227	784	0.004017	0.007622	0.015226	0.025664	0.036176
61000	0.018753	0.015251	784	0.004024	0.007578	0.015264	0.025391	0.035797
61100	0.018727	0.015261	784	0.003963	0.007747	0.015229	0.025492	0.036519
61200	0.018701	0.015258	784	0.003933	0.007707	0.015118	0.025601	0.036417
61300	0.018684	0.015267	784	0.003876	0.007922	0.014903	0.025288	0.036519
61400	0.018654	0.015265	784	0.003849	0.007887	0.014746	0.025169	0.036572
61500	0.018643	0.015260	784	0.003861	0.007801	0.014778	0.025189	0.036585
61600	0.018644	0.015258	784	0.003812	0.007720	0.014878	0.025236	0.036847
61700	0.018664	0.015252	783	0.003845	0.007878	0.014780	0.025132	0.036632
61800	0.018664	0.015239	783	0.003827	0.007845	0.014855	0.025346	0.036773
61900	0.018649	0.015219	783	0.003753	0.007951	0.014845	0.025266	0.036940
62000	0.018607	0.015150	783	0.003700	0.008038	0.014846	0.025129	0.037130
62100	0.018572	0.015130	783	0.003660	0.007939	0.014567	0.025095	0.036855
62200	0.018547	0.015122	783	0.003828	0.007989	0.014565	0.024784	0.036635
62300	0.018532	0.015124	783	0.003770	0.007950	0.014525	0.024806	0.036660
62400	0.018514	0.015148	783	0.003630	0.007852	0.014753	0.024748	0.036419
62500	0.018483	0.015155	783	0.003554	0.007822	0.014682	0.024930	0.036260
62600	0.018466	0.015175	783	0.003573	0.007769	0.014707	0.024828	0.036143
62700	0.018428	0.015188	783	0.003569	0.007630	0.014796	0.024687	0.036042
62800	0.018379	0.015191	783	0.003591	0.007709	0.014471	0.024457	0.036169
62900	0.018319	0.015175	783	0.003604	0.007754	0.014622	0.024320	0.035791
63000	0.018270	0.015163	783	0.003489	0.007810	0.014588	0.024403	0.036141
63100	0.018227	0.015163	783	0.003524	0.007782	0.014512	0.024102	0.036152
63200	0.018170	0.015132	783	0.003461	0.007748	0.014361	0.023916	0.035868
63300	0.018120	0.015101	783	0.003524	0.007673	0.014269	0.023987	0.035783
63400	0.018080	0.015085	783	0.003623	0.007521	0.014284	0.023897	0.035966
63500	0.018048	0.015088	783	0.003503	0.007377	0.014322	0.023783	0.035719
63600	0.018028	0.015070	783	0.003477	0.007455	0.014136	0.023862	0.035370
63700	0.017992	0.015043	783	0.003415	0.007503	0.014185	0.023755	0.035216
63800	0.017950	0.015027	783	0.003321	0.007520	0.014233	0.023777	0.034705
63900	0.017886	0.014993	783	0.003326	0.007595	0.014111	0.023606	0.034731
64000	0.017815	0.014979	783	0.003299	0.007399	0.014063	0.023533	0.034775
64100	0.017736	0.014954	783	0.003376	0.007438	0.014213	0.023441	0.034968
64200	0.017658	0.014930	783	0.003287	0.007298	0.014133	0.023432	0.035045
64300	0.017588	0.014911	783	0.003049	0.007334	0.014029	0.023288	0.035001
64400	0.017511	0.014886	783	0.003088	0.007397	0.013667	0.023279	0.034782
64500	0.017444	0.014872	783	0.003252	0.007428	0.013572	0.023105	0.034843
64600	0.017374	0.014843	783	0.003175	0.007312	0.013585	0.023202	0.035000
64700	0.017318	0.014816	783	0.003183	0.007219	0.013601	0.023076	0.034478
64800	0.017268	0.014794	783	0.003112	0.007346	0.013521	0.022938	0.034564
64900	0.017210	0.014737	783	0.003250	0.007167	0.013343	0.023009	0.034358
65000	0.017131	0.014679	783	0.003402	0.006987	0.013459	0.022947	0.033879
65100	0.017067	0.014630	783	0.003507	0.006767	0.013506	0.022640	0.033733
65200	0.017010	0.014591	783	0.003457	0.006760	0.013482	0.022806	0.033614
65300	0.016952	0.014546	783	0.003484	0.006632	0.013347	0.023032	0.033518
65400	0.016909	0.014494	783	0.003587	0.006569	0.013060	0.023222	0.033538
65500	0.016869	0.014448	783	0.003577	0.006561	0.013260	0.023212	0.033740
65600	0.016821	0.014398	783	0.003588	0.006735	0.013389	0.022982	0.033561
65700	0.016761	0.014320	783	0.003439	0.006689	0.013343	0.023071	0.033708
65800	0.016731	0.014268	783	0.003485	0.006699	0.013134	0.023102	0.033999
65900	0.016714	0.014209	783	0.003441	0.006666	0.013006	0.022824	0.033765
66000	0.016697	0.014133	783	0.003312	0.006767	0.012879	0.022703	0.033699
66100	0.016675	0.014084	783	0.003332	0.006705	0.012813	0.022363	0.034073
66200	0.016659	0.014034	783	0.003123	0.006802	0.012797	0.022326	0.034217
66300	0.016640	0.013980	783	0.003073	0.006797	0.012794	0.022167	0.034835
66400	0.016625	0.013938	783	0.003143	0.006654	0.012742	0.022255	0.034424
66500	0.016595	0.013894	783	0.003042	0.006723	0.012803	0.022264	0.034834
66600	0.016562	0.013871	783	0.002994	0.006660	0.012735	0.021688	0.035009
66700	0.016513	0.013851	783	0.002845	0.006659	0.012703	0.021782	0.035068
66800	0.016463	0.013837	783	0.002929	0.006639	0.012743	0.021813	0.034382
66900	0.016402	0.013819	783	0.002938	0.006424	0.012748	0.021812	0.034834
67000	0.016334	0.013792	783	0.002905	0.006564	0.012615	0.021561	0.035390
67100	0.016260	0.013774	783	0.002987	0.006526	0.012698	0.021820	0.034961
67200	0.016204	0.013769	783	0.003060	0.006426	0.012824	0.022216	0.034423
67300	0.016160	0.013753	783	0.003027	0.006441	0.012807	0.022007	0.034830
67400	0.016123	0.013734	783	0.002993	0.006315	0.012762	0.021850	0.034117
67500	0.016083	0.013716	783	0.002895	0.006344	0.012695	0.021842	0.033939
67600	0.016055	0.013704	783	0.003035	0.006319	0.012674	0.021679	0.034064
67700	0.016031	0.013685	783	0.002957	0.006302	0.012594	0.021527	0.033728
67800	0.015991	0.013645	783	0.002952	0.006212	0.012544	0.021539	0.033392
67900	0.015965	0.013595	783	0.002925	0.006249	0.012542	0.021617	0.032919
68000	0.015949	0.013567	783	0.002922	0.006241	0.012557	0.021510	0.032382
68100	0.015933	0.013543	783	0.002866	0.006214	0.012540	0.021692	0.032377
68200	0.015913	0.013497	783	0.002864	0.006270	0.012531	0.021533	0.033002
68300	0.015900	0.013467	783	0.003067	0.006187	0.012422	0.021354	0.032625
68400	0.015876	0.013434	783	0.002938	0.006233	0.012577	0.021053	0.033009
68500	0.015834	0.013400	783	0.002835	0.006305	0.012746	0.021010	0.032930
68600	0.015782	0.013354	783	0.002810	0.006203	0.012652	0.021234	0.032845
68700	0.015732	0.013307	783	0.002811	0.006096	0.012581	0.021170	0.032761
68800	0.015685	0.013255	783	0.002852	0.006106	0.012464	0.021203	0.032613
68900	0.015637	0.013197	783	0.002790	0.005985	0.012465	0.021097	0.032293
69000	0.015590	0.013142	783	0.002789	0.005986	0.012356	0.020966	0.032606
69100	0.015534	0.013100	783	0.002853	0.006144	0.012519	0.020640	0.032481
69200	0.015472	0.013039	783	0.002617	0.006134	0.012551	0.020826	0.032339
69300	0.015418	0.012978	782	0.002521	0.006084	0.012292	0.020679	0.032255
69400	0.015329	0.012888	782	0.002653	0.006076	0.012351	0.020595	0.032258
69500	0.015254	0.012807	782	0.002520	0.006060	0.012262	0.020539	0.032174
69600	0.015180	0.012739	782	0.002561	0.005968	0.012121	0.020421	0.032106
69700	0.015113	0.012665	782	0.002495	0.005858	0.012099	0.020445	0.031322
69800	0.015051	0.012624	782	0.002400	0.005773	0.011977	0.020129	0.030845
69900	0.014986	0.012592	782	0.002419	0.005742	0.012003	0.020204	0.030699
70000	0.014909	0.012525	782	0.002513	0.005794	0.011866	0.020164	0.030583
70100	0.014846	0.012462	781	0.002462	0.005802	0.011746	0.020232	0.030375
70200	0.014780	0.012407	780	0.002325	0.005785	0.011809	0.020236	0.030380
70300	0.014712	0.012375	780	0.002221	0.005565	0.011586	0.020274	0.030413
70400	0.014654	0.012342	780	0.002267	0.005531	0.011733	0.020043	0.030475
70500	0.014587	0.012296	780	0.002225	0.005606	0.011836	0.020125	0.029961
70600	0.014539	0.012272	780	0.002128	0.005587	0.011781	0.020069	0.029873
70700	0.014489	0.012252	780	0.002160	0.005438	0.011849	0.019971	0.029544
70800	0.014439	0.012230	780	0.002250	0.005456	0.011985	0.019737	0.029492
70900	0.014382	0.012207	780	0.002266	0.005387	0.012033	0.019517	0.029246
71000	0.014342	0.012172	779	0.002185	0.005270	0.011908	0.019445	0.029155
71100	0.014280	0.012127	779	0.002192	0.005335	0.011870	0.019434	0.029039
71200	0.014220	0.012087	779	0.002213	0.005230	0.011829	0.019576	0.029083
71300	0.014166	0.012049	779	0.002175	0.005226	0.011842	0.019368	0.028936
71400	0.014123	0.012030	779	0.002201	0.005247	0.011866	0.019478	0.028939
71500	0.014078	0.012000	779	0.002224	0.005144	0.011705	0.019391	0.028581
71600	0.014043	0.011985	779	0.002241	0.005290	0.011444	0.019265	0.028383
71700	0.014013	0.011983	779	0.002331	0.005228	0.011343	0.019084	0.028442
71800	0.013993	0.011990	779	0.002319	0.005270	0.011292	0.019065	0.029241
71900	0.013975	0.012011	779	0.002328	0.005141	0.011168	0.019077	0.029097
72000	0.013971	0.012033	779	0.002333	0.005029	0.011251	0.018952	0.028961
72100	0.013953	0.012032	779	0.002355	0.005003	0.011344	0.018897	0.029483
72200	0.013926	0.012028	779	0.002213	0.005040	0.011355	0.018618	0.029413
72300	0.013909	0.012040	779	0.002248	0.005162	0.011371	0.018649	0.029221
72400	0.013889	0.012049	779	0.002199	0.005231	0.011194	0.018627	0.029528
72500	0.013867	0.012055	779	0.002176	0.005337	0.011094	0.018520	0.029735
72600	0.013836	0.012047	779	0.002187	0.005321	0.010908	0.018531	0.029872
72700	0.013802	0.012043	779	0.002123	0.005543	0.011051	0.018250	0.029388
72800	0.013760	0.012020	779	0.002174	0.005549	0.010879	0.018713	0.028998
72900	0.013717	0.011994	779	0.002314	0.005516	0.010780	0.018242	0.028935
73000	0.013683	0.011967	779	0.002244	0.005417	0.010762	0.018355	0.028850
73100	0.013650	0.011917	779	0.002160	0.005573	0.010845	0.018276	0.028555
73200	0.013631	0.011888	778	0.002149	0.005522	0.010841	0.018400	0.028450
73300	0.013601	0.011858	778	0.002106	0.005479	0.010752	0.018559	0.028108
73400	0.013572	0.011823	778	0.002035	0.005378	0.010865	0.018457	0.028164
73500	0.013561	0.011793	777	0.001999	0.005418	0.010834	0.018332	0.028040
73600	0.013524	0.011752	777	0.001886	0.005452	0.010894	0.018256	0.027952
73700	0.013481	0.011703	777	0.001799	0.005398	0.010692	0.018284	0.027721
73800	0.013450	0.011665	777	0.001792	0.005283	0.010806	0.018097	0.027575
73900	0.013431	0.011631	777	0.001772	0.005249	0.010947	0.018062	0.027546
74000	0.013428	0.011601	776	0.001808	0.005500	0.010906	0.017999	0.027417
74100	0.013409	0.011579	776	0.001714	0.005554	0.010572	0.018069	0.027315
74200	0.013416	0.011560	775	0.001770	0.005486	0.010640	0.018102	0.027175
74300	0.013426	0.011533	774	0.001862	0.005457	0.010626	0.018144	0.027096
74400	0.013422	0.011489	774	0.001893	0.005533	0.010485	0.018225	0.027009
74500	0.013417	0.011445	774	0.001929	0.005540	0.010404	0.018420	0.027178
74600	0.013397	0.011403	774	0.001942	0.005417	0.010462	0.018376	0.027185
74700	0.013365	0.011365	774	0.001965	0.005370	0.010578	0.018484	0.027053
74800	0.013328	0.011323	774	0.001906	0.005487	0.010695	0.018356	0.026903
74900	0.013309	0.011290	774	0.001843	0.005446	0.010686	0.018298	0.026711
75000	0.013285	0.011253	774	0.001813	0.005511	0.010665	0.018198	0.026808
75100	0.013261	0.011236	774	0.001806	0.005476	0.010523	0.017920	0.026795
75200	0.013254	0.011224	773	0.001848	0.005455	0.010492	0.018182	0.026505
75300	0.013250	0.011226	773	0.001937	0.005292	0.010573	0.018526	0.026631
75400	0.013236	0.011233	773	0.001942	0.005162	0.010744	0.018536	0.026596
75500	0.013213	0.011246	773	0.002008	0.005060	0.010588	0.018540	0.026489
75600	0.013198	0.011262	773	0.001976	0.005064	0.010504	0.018458	0.026508
75700	0.013174	0.011252	773	0.001981	0.005065	0.010470	0.018356	0.026444
75800	0.013155	0.011256	773	0.002018	0.005097	0.010512	0.018285	0.026365
75900	0.013137	0.011268	773	0.001986	0.004993	0.010546	0.018168	0.026177
76000	0.013106	0.011272	773	0.001967	0.005041	0.010636	0.018212	0.026540
76100	0.013084	0.011286	773	0.001930	0.004984	0.010600	0.017981	0.026221
76200	0.013051	0.011282	773	0.001949	0.004859	0.010433	0.017841	0.026185
76300	0.013017	0.011265	773	0.001931	0.004736	0.010325	0.017831	0.026284
76400	0.013001	0.011266	773	0.001996	0.004790	0.010450	0.017802	0.026344
76500	0.012987	0.011271	773	0.001845	0.004838	0.010542	0.017783	0.026625
76600	0.012963	0.011273	773	0.001768	0.004702	0.010364	0.017906	0.026755
76700	0.012943	0.011277	773	0.001812	0.004693	0.010508	0.017807	0.027257
76800	0.012920	0.011270	773	0.001785	0.004710	0.010541	0.017724	0.027562
76900	0.012900	0.011280	773	0.001777	0.004654	0.010545	0.017735	0.027107
77000	0.012884	0.011304	773	0.001706	0.004701	0.010463	0.017323	0.027215
77100	0.012875	0.011330	773	0.001670	0.004567	0.010543	0.017224	0.027352
77200	0.012884	0.011352	772	0.001680	0.004577	0.010541	0.017260	0.027705
77300	0.012872	0.011359	772	0.001582	0.004603	0.010536	0.017244	0.028020
77400	0.012856	0.011358	772	0.001567	0.004547	0.010494	0.017006	0.028085
77500	0.012851	0.011356	772	0.001532	0.004539	0.010376	0.016923	0.028040
77600	0.012854	0.011294	771	0.001552	0.004674	0.010348	0.017031	0.027885
77700	0.012830	0.011260	771	0.001616	0.004830	0.010381	0.017015	0.027749
77800	0.012801	0.011231	771	0.001668	0.004952	0.010239	0.016857	0.027533
77900	0.012792	0.011208	769	0.001638	0.005070	0.010073	0.016805	0.027496
78000	0.012777	0.011167	768	0.001744	0.005087	0.010213	0.016664	0.026727
78100	0.012745	0.011131	768	0.001719	0.004929	0.010283	0.016511	0.026840
78200	0.012709	0.011100	768	0.001764	0.004874	0.010181	0.016838	0.026571
78300	0.012677	0.011079	768	0.001663	0.004854	0.010140	0.016726	0.026166
78400	0.012642	0.011051	768	0.001648	0.004844	0.010125	0.016815	0.026176
78500	0.012607	0.011029	768	0.001645	0.004746	0.010073	0.016839	0.026123
78600	0.012571	0.011019	768	0.001605	0.004788	0.010079	0.017008	0.026142
78700	0.012533	0.011001	768	0.001590	0.004644	0.009938	0.017098	0.026178
78800	0.012522	0.011012	767	0.001761	0.004519	0.009986	0.016945	0.026260
78900	0.012487	0.011014	767	0.001707	0.004424	0.010005	0.016901	0.026546
79000	0.012443	0.011009	767	0.001613	0.004421	0.009825	0.016804	0.026335
79100	0.012403	0.011011	767	0.001712	0.004326	0.009811	0.016671	0.026302
79200	0.012364	0.011014	767	0.001637	0.004460	0.009877	0.016277	0.026432
79300	0.012320	0.011012	767	0.001696	0.004427	0.009791	0.016325	0.026601
79400	0.012271	0.010964	767	0.001605	0.004294	0.009737	0.016302	0.026108
79500	0.012228	0.010962	767	0.001491	0.004324	0.009588	0.016459	0.026330
79600	0.012184	0.010947	767	0.001545	0.004312	0.009629	0.016302	0.025590
79700	0.012132	0.010917	767	0.001472	0.004194	0.009491	0.016291	0.025608
79800	0.012083	0.010886	767	0.001352	0.004156	0.009378	0.016251	0.025490
79900	0.012051	0.010861	767	0.001399	0.004213	0.009442	0.016085	0.025220
80000	0.012025	0.010845	767	0.001334	0.004200	0.009444	0.016260	0.025176
80100	0.011995	0.010829	767	0.001359	0.004256	0.009497	0.016305	0.025236
80200	0.011968	0.010815	767	0.001401	0.004287	0.009513	0.016142	0.025300
80300	0.011948	0.010799	767	0.001448	0.004407	0.009423	0.016182	0.024964
80400	0.011923	0.010776	767	0.001335	0.004454	0.009409	0.015923	0.025192
80500	0.011906	0.010731	766	0.001424	0.004493	0.009245	0.015638	0.025464
80600	0.011869	0.010694	766	0.001262	0.004490	0.009111	0.015660	0.025515
80700	0.011858	0.010664	765	0.001298	0.004459	0.009200	0.015757	0.025280
80800	0.011831	0.010627	765	0.001346	0.004433	0.009064	0.015850	0.025241
80900	0.011808	0.010592	765	0.001398	0.004388	0.009048	0.015932	0.025309
81000	0.011790	0.010551	765	0.001439	0.004367	0.009075	0.016034	0.025316
81100	0.011770	0.010505	765	0.001455	0.004463	0.009187	0.016125	0.025225
81200	0.011742	0.010458	765	0.001490	0.004368	0.009119	0.015973	0.025069
81300	0.011721	0.010437	765	0.001466	0.004313	0.009086	0.016033	0.025001
81400	0.011692	0.010425	765	0.001536	0.004319	0.008972	0.016147	0.024876
81500	0.011654	0.010411	765	0.001645	0.004211	0.008988	0.016105	0.024834
81600	0.011601	0.010378	765	0.001555	0.004078	0.008882	0.015930	0.024758
81700	0.011554	0.010357	765	0.001478	0.004266	0.008810	0.015905	0.024981
81800	0.011498	0.010335	765	0.001512	0.004239	0.008886	0.015970	0.024984
81900	0.011446	0.010318	765	0.001540	0.004096	0.008813	0.016038	0.024531
82000	0.011399	0.010327	765	0.001497	0.004005	0.008574	0.016099	0.024306
82100	0.011358	0.010336	765	0.001432	0.003893	0.008646	0.015888	0.024083
82200	0.011321	0.010346	765	0.001415	0.003769	0.008595	0.015767	0.024240
82300	0.011295	0.010357	765	0.001259	0.003783	0.008485	0.015569	0.024022
82400	0.011257	0.010351	765	0.001151	0.003820	0.008436	0.015672	0.024195
82500	0.011221	0.010339	765	0.001167	0.003771	0.008501	0.015594	0.024105
82600	0.011198	0.010332	764	0.001137	0.003645	0.008611	0.015804	0.024155
82700	0.011161	0.010304	764	0.001130	0.003743	0.008579	0.015855	0.024269
82800	0.011132	0.010276	764	0.000989	0.003772	0.008584	0.015699	0.024047
82900	0.011104	0.010248	764	0.001019	0.003757	0.008523	0.015792	0.023798
83000	0.011067	0.010215	764	0.001019	0.003715	0.008416	0.015746	0.023410
83100	0.011031	0.010191	764	0.000983	0.003714	0.008406	0.015608	0.023330
83200	0.011004	0.010165	764	0.000988	0.003805	0.008304	0.015717	0.023250
83300	0.010975	0.010147	764	0.001014	0.003774	0.008362	0.015637	0.023554
83400	0.010943	0.010130	764	0.001077	0.003676	0.008031	0.015356	0.023697
83500	0.010925	0.010111	763	0.001031	0.003756	0.008124	0.015450	0.023942
83600	0.010900	0.010105	763	0.001024	0.003751	0.008212	0.015379	0.023669
83700	0.010893	0.010079	762	0.001026	0.003751	0.008336	0.015145	0.023609
83800	0.010873	0.010040	762	0.001000	0.003794	0.008316	0.015028	0.023515
83900	0.010857	0.010001	762	0.000975	0.003692	0.008200	0.015107	0.023265
84000	0.010840	0.009953	762	0.000975	0.003587	0.008360	0.015273	0.022999
84100	0.010818	0.009904	762	0.000910	0.003594	0.008299	0.015366	0.023001
84200	0.010789	0.009849	762	0.000904	0.003550	0.008201	0.015253	0.022743
84300	0.010760	0.009807	762	0.000841	0.003502	0.008045	0.014938	0.022683
84400	0.010727	0.009759	762	0.000823	0.003414	0.008073	0.014878	0.022668
84500	0.010698	0.009727	762	0.000791	0.003453	0.008199	0.014903	0.022558
84600	0.010671	0.009708	762	0.000748	0.003385	0.008278	0.014852	0.022239
84700	0.010633	0.009705	762	0.000767	0.003416	0.008233	0.014641	0.022225
84800	0.010605	0.009726	762	0.000822	0.003389	0.008315	0.014676	0.022817
84900	0.010584	0.009748	762	0.000736	0.003351	0.008308	0.014615	0.022842
85000	0.010576	0.009770	762	0.000700	0.003347	0.008368	0.014592	0.023216
85100	0.010570	0.009787	762	0.000731	0.003228	0.008389	0.014567	0.023154
85200	0.010578	0.009799	761	0.000766	0.003193	0.008394	0.014376	0.023182
85300	0.010580	0.009817	761	0.000796	0.003242	0.008391	0.014402	0.022918
85400	0.010576	0.009832	761	0.000841	0.003202	0.008376	0.014595	0.022725
85500	0.010559	0.009846	761	0.000921	0.003199	0.008259	0.014590	0.022482
85600	0.010521	0.009852	761	0.000929	0.003065	0.008224	0.014554	0.022579
85700	0.010486	0.009860	761	0.000975	0.002964	0.008126	0.014325	0.022479
85800	0.010454	0.009871	761	0.000971	0.003041	0.008044	0.014126	0.022673
85900	0.010433	0.009886	761	0.001002	0.002973	0.008022	0.014047	0.022868
86000	0.010415	0.009912	761	0.001005	0.002894	0.007849	0.014023	0.023106
86100	0.010397	0.009934	761	0.000976	0.003029	0.007898	0.013995	0.023604
86200	0.010380	0.009948	761	0.000957	0.002980	0.007836	0.014148	0.024044
86300	0.010368	0.009962	761	0.000950	0.002958	0.007790	0.014172	0.024399
86400	0.010356	0.009954	761	0.000943	0.003009	0.007812	0.014034	0.024244
86500	0.010353	0.009955	761	0.000959	0.002952	0.007773	0.013933	0.023919
86600	0.010347	0.009947	761	0.000976	0.002926	0.007785	0.013951	0.024130
86700	0.010340	0.009931	761	0.000950	0.002921	0.007734	0.013777	0.023968
86800	0.010334	0.009917	761	0.001038	0.002899	0.007649	0.013967	0.023918
86900	0.010319	0.009911	761	0.001022	0.002954	0.007593	0.013888	0.023862
87000	0.010310	0.009906	761	0.000962	0.002946	0.007498	0.013948	0.023653
87100	0.010303	0.009880	761	0.000934	0.002852	0.007688	0.013711	0.023265
87200	0.010290	0.009848	761	0.000913	0.002977	0.007650	0.013757	0.022979
87300	0.010272	0.009815	761	0.000867	0.002998	0.007585	0.013963	0.023211
87400	0.010250	0.009777	761	0.000925	0.002900	0.007492	0.013971	0.022720
87500	0.010226	0.009744	761	0.000973	0.002951	0.007607	0.014032	0.022922
87600	0.010204	0.009707	761	0.000929	0.003009	0.007632	0.014220	0.023058
87700	0.010180	0.009672	761	0.000905	0.002935	0.007442	0.014164	0.023250
87800	0.010150	0.009639	761	0.000945	0.002914	0.007469	0.014088	0.023206
87900	0.010120	0.009607	761	0.000931	0.002962	0.007548	0.014105	0.022688
88000	0.010080	0.009570	761	0.000944	0.002920	0.007478	0.013876	0.022387
88100	0.010036	0.009531	761	0.000930	0.002905	0.007507	0.013697	0.022244
88200	0.009997	0.009495	761	0.000947	0.002904	0.007435	0.013596	0.022650
88300	0.009961	0.009457	761	0.000931	0.002870	0.007397	0.013801	0.022341
88400	0.009928	0.009407	761	0.000997	0.002899	0.007476	0.013764	0.022569
88500	0.009898	0.009355	760	0.000930	0.002988	0.007452	0.013733	0.022146
88600	0.009860	0.009318	760	0.000879	0.003046	0.007398	0.013702	0.022317
88700	0.009817	0.009285	760	0.000891	0.003029	0.007341	0.013843	0.022389
88800	0.009772	0.009261	760	0.000891	0.002983	0.007302	0.014017	0.022343
88900	0.009737	0.009246	759	0.000840	0.002980	0.007272	0.013965	0.022160
89000	0.009681	0.009235	759	0.000823	0.002886	0.007189	0.013874	0.021848
89100	0.009632	0.009233	759	0.000748	0.002861	0.007213	0.013809	0.021692
89200	0.009606	0.009221	758	0.000831	0.002920	0.007125	0.013692	0.021634
89300	0.009575	0.009214	758	0.000810	0.002916	0.007135	0.013483	0.021442
89400	0.009549	0.009213	758	0.000717	0.002761	0.007112	0.013162	0.021736
89500	0.009527	0.009195	757	0.000714	0.002836	0.006923	0.013261	0.022149
89600	0.009497	0.009186	757	0.000743	0.002833	0.006830	0.013246	0.022065
89700	0.009476	0.009183	757	0.000687	0.002795	0.006797	0.013144	0.021797
89800	0.009475	0.009173	756	0.000717	0.002814	0.007001	0.013171	0.021545
89900	0.009467	0.009167	756	0.000795	0.002758	0.006901	0.013073	0.021266
90000	0.009454	0.009159	756	0.000770	0.002726	0.006986	0.013148	0.021267
90100	0.009449	0.009151	756	0.000757	0.002741	0.007083	0.013182	0.021287
90200	0.009437	0.009134	756	0.000779	0.002760	0.007114	0.013255	0.021169
90300	0.009419	0.009117	756	0.000771	0.002704	0.007029	0.012955	0.021224
90400	0.009403	0.009103	756	0.000789	0.002722	0.007180	0.012981	0.021053
90500	0.009385	0.009102	756	0.000768	0.002747	0.007113	0.012899	0.020899
90600	0.009366	0.009099	756	0.000783	0.002668	0.007037	0.012778	0.020761
90700	0.009355	0.009110	756	0.000742	0.002670	0.006911	0.012767	0.020725
90800	0.009370	0.009109	754	0.000753	0.002772	0.006917	0.012916	0.020958
90900	0.009361	0.009103	754	0.000741	0.002789	0.006882	0.012986	0.020958
91000	0.009351	0.009107	754	0.000719	0.002727	0.006959	0.012851	0.021273
91100	0.009334	0.009110	754	0.000734	0.002649	0.006946	0.012992	0.021078
91200	0.009322	0.009103	754	0.000710	0.002645	0.006926	0.013115	0.021177
91300	0.009304	0.009090	754	0.000692	0.002644	0.006792	0.013300	0.021145
91400	0.009285	0.009066	754	0.000711	0.002586	0.006623	0.013202	0.021229
91500	0.009265	0.009044	754	0.000723	0.002587	0.006538	0.013284	0.021179
91600	0.009250	0.009005	753	0.000769	0.002596	0.006485	0.013279	0.020985
91700	0.009226	0.008962	753	0.000733	0.002596	0.006621	0.013139	0.021203
91800	0.009199	0.008918	753	0.000722	0.002618	0.006654	0.013106	0.021241
91900	0.009181	0.008869	753	0.000671	0.002614	0.006660	0.013049	0.021218
92000	0.009164	0.008829	753	0.000723	0.002598	0.006714	0.013043	0.020915
92100	0.009145	0.008791	753	0.000749	0.002611	0.006707	0.013130	0.020966
92200	0.009131	0.008754	753	0.000823	0.002607	0.006737	0.013028	0.020780
92300	0.009110	0.008715	753	0.000778	0.002647	0.006729	0.012931	0.020552
92400	0.009079	0.008674	753	0.000763	0.002622	0.006790	0.013024	0.020518
92500	0.009052	0.008638	753	0.000761	0.002586	0.006676	0.012960	0.020182
92600	0.009028	0.008600	753	0.000807	0.002533	0.006624	0.013013	0.020443
92700	0.009001	0.008548	753	0.000810	0.002480	0.006620	0.013010	0.020051
92800	0.008974	0.008502	753	0.000790	0.002536	0.006614	0.013176	0.020009
92900	0.008943	0.008469	753	0.000771	0.002536	0.006674	0.013272	0.019962
93000	0.008918	0.008446	753	0.000788	0.002522	0.006650	0.013095	0.019850
93100	0.008884	0.008418	753	0.000700	0.002545	0.006623	0.013021	0.020034
93200	0.008848	0.008401	753	0.000702	0.002470	0.006630	0.012929	0.020026
93300	0.008812	0.008378	753	0.000680	0.002472	0.006442	0.012867	0.019919
93400	0.008773	0.008357	753	0.000708	0.002450	0.006383	0.012766	0.020013
93500	0.008725	0.008297	753	0.000705	0.002411	0.006273	0.012414	0.019767
93600	0.008698	0.008297	752	0.000727	0.002337	0.006139	0.012242	0.019704
93700	0.008670	0.008299	752	0.000713	0.002393	0.006090	0.012068	0.019755
93800	0.008655	0.008317	752	0.000760	0.002415	0.006048	0.012045	0.019753
93900	0.008647	0.008324	752	0.000698	0.002354	0.006181	0.012115	0.019910
94000	0.008647	0.008337	752	0.000634	0.002358	0.006182	0.012305	0.019741
94100	0.008677	0.008347	750	0.000632	0.002462	0.006213	0.012688	0.019614
94200	0.008683	0.008355	750	0.000681	0.002523	0.006309	0.012737	0.019625
94300	0.008703	0.008370	749	0.000713	0.002515	0.006265	0.012647	0.019801
94400	0.008708	0.008389	749	0.000666	0.002549	0.006334	0.012759	0.019464
94500	0.008705	0.008409	749	0.000648	0.002488	0.006380	0.012689	0.019716
94600	0.008698	0.008429	749	0.000594	0.002355	0.006287	0.012706	0.019852
94700	0.008702	0.008447	748	0.000594	0.002321	0.006287	0.012645	0.019669
94800	0.008705	0.008464	747	0.000644	0.002295	0.006308	0.012555	0.019736
94900	0.008692	0.008471	747	0.000618	0.002267	0.006416	0.012513	0.019829
95000	0.008678	0.008481	747	0.000602	0.002298	0.006301	0.012367	0.019623
95100	0.008671	0.008480	746	0.000640	0.002285	0.006289	0.012239	0.019618
95200	0.008638	0.008475	746	0.000698	0.002357	0.006302	0.012083	0.019327
95300	0.008596	0.008410	746	0.000730	0.002382	0.006310	0.011869	0.019117
95400	0.008560	0.008399	746	0.000750	0.002356	0.006354	0.011638	0.019256
95500	0.008532	0.008397	745	0.000738	0.002216	0.006360	0.011533	0.019190
95600	0.008504	0.008402	745	0.000715	0.002221	0.006407	0.011646	0.019322
95700	0.008482	0.008406	745	0.000790	0.002246	0.006475	0.011705	0.019172
95800	0.008461	0.008418	745	0.000732	0.002244	0.006367	0.011872	0.019104
95900	0.008432	0.008428	745	0.000729	0.002248	0.006344	0.011705	0.018676
96000	0.008404	0.008440	745	0.000652	0.002318	0.006295	0.011719	0.018229
96100	0.008377	0.008455	745	0.000614	0.002254	0.006324	0.011717	0.018007
96200	0.008346	0.008478	745	0.000622	0.002265	0.006160	0.011799	0.017856
96300	0.008313	0.008498	745	0.000630	0.002221	0.006160	0.011853	0.017745
96400	0.008279	0.008513	745	0.000640	0.002271	0.005952	0.011938	0.017729
96500	0.008251	0.008525	745	0.000622	0.002142	0.005822	0.011779	0.018099
96600	0.008228	0.008508	744	0.000661	0.002164	0.005792	0.011740	0.018180
96700	0.008194	0.008483	744	0.000641	0.002189	0.005898	0.011813	0.017723
96800	0.008161	0.008444	744	0.000630	0.002164	0.005799	0.011824	0.017619
96900	0.008155	0.008418	742	0.000653	0.002211	0.005725	0.011788	0.017575
97000	0.008130	0.008398	742	0.000612	0.002213	0.005733	0.011721	0.017612
97100	0.008105	0.008322	742	0.000543	0.002185	0.005789	0.011729	0.017595
97200	0.008082	0.008279	742	0.000571	0.002208	0.005848	0.011654	0.017556
97300	0.008071	0.008248	741	0.000553	0.002290	0.005809	0.011665	0.017596
97400	0.008053	0.008208	740	0.000566	0.002317	0.005811	0.011501	0.017782
97500	0.008050	0.008159	739	0.000578	0.002403	0.005842	0.011354	0.017698
97600	0.008047	0.008112	738	0.000571	0.002455	0.005905	0.011229	0.017644
97700	0.008032	0.008067	738	0.000568	0.002434	0.006031	0.011094	0.017574
97800	0.008016	0.008021	738	0.000586	0.002371	0.006059	0.011122	0.017383
97900	0.007997	0.007977	738	0.000604	0.002339	0.006006	0.011167	0.017546
98000	0.007980	0.007938	738	0.000630	0.002282	0.006083	0.011131	0.017600
98100	0.007958	0.007908	738	0.000663	0.002248	0.006009	0.010873	0.017398
98200	0.007939	0.007892	738	0.000671	0.002220	0.005952	0.010904	0.017462
98300	0.007928	0.007874	738	0.000646	0.002213	0.005995	0.011025	0.017461
98400	0.007917	0.007857	738	0.000607	0.002146	0.005892	0.011167	0.017710
98500	0.007908	0.007834	737	0.000543	0.002146	0.005772	0.011166	0.017610
98600	0.007905	0.007811	736	0.000555	0.002166	0.005812	0.011142	0.017475
98700	0.007904	0.007784	734	0.000535	0.002131	0.005922	0.011322	0.017364
98800	0.007882	0.007754	734	0.000562	0.002206	0.005945	0.011421	0.017299
98900	0.007865	0.007726	733	0.000601	0.002246	0.005958	0.011362	0.016991
99000	0.007825	0.007635	733	0.000560	0.002214	0.005888	0.011315	0.017069
99100	0.007800	0.007595	733	0.000598	0.002221	0.005825	0.011265	0.017034
99200	0.007787	0.007555	732	0.000580	0.002248	0.005750	0.011362	0.017154
99300	0.007754	0.007507	732	0.000539	0.002266	0.005565	0.011251	0.017051
99400	0.007723	0.007465	732	0.000537	0.002270	0.005594	0.011210	0.017206
99500	0.007693	0.007431	732	0.000581	0.002233	0.005554	0.011188	0.017362
99600	0.007666	0.007403	732	0.000584	0.002231	0.005512	0.011074	0.017026
99700	0.007640	0.007370	732	0.000594	0.002206	0.005501	0.010992	0.016948
99800	0.007617	0.007330	732	0.000651	0.002225	0.005609	0.010912	0.017222
99900	0.007616	0.007308	731	0.000662	0.002122	0.005588	0.011001	0.017317
100000	0.007608	0.007284	730	0.000670	0.002163	0.005622	0.011100	0.017301
