dist	ua18_housing_av	ua18_housing_stdev	count	10%quant	25%quant	50%quant	75%quant	90%quant
0	1.000000	0.000000	786	1.000000	1.000000	1.000000	1.000000	1.000000
100	0.960710	0.038495	786	0.925639	0.954282	0.970594	0.981016	0.986730
200	0.923480	0.073809	786	0.851278	0.910909	0.943606	0.963448	0.973902
300	0.887625	0.100061	786	0.776917	0.867163	0.916086	0.946470	0.961573
400	0.852799	0.123002	786	0.702556	0.823509	0.888854	0.929873	0.949187
500	0.819968	0.140073	786	0.634224	0.779949	0.861507	0.912536	0.936993
600	0.788887	0.154380	786	0.558931	0.738700	0.834268	0.895336	0.924485
700	0.759447	0.166779	786	0.503382	0.696295	0.807210	0.878161	0.911899
800	0.731715	0.176825	786	0.475926	0.654903	0.779989	0.861513	0.899314
900	0.705866	0.183713	786	0.445559	0.616162	0.753136	0.844531	0.887224
1000	0.682117	0.188512	786	0.407286	0.579541	0.726621	0.827549	0.875457
1100	0.660439	0.191144	786	0.389950	0.542145	0.699603	0.810451	0.863690
1200	0.641116	0.192037	786	0.378416	0.523913	0.672896	0.793398	0.851923
1300	0.624181	0.191476	786	0.369520	0.502306	0.649231	0.776982	0.839681
1400	0.609004	0.189944	786	0.350932	0.491080	0.631448	0.761200	0.827349
1500	0.595157	0.188392	786	0.340173	0.478020	0.611927	0.746856	0.815016
1600	0.583519	0.185880	786	0.337976	0.464731	0.600537	0.730013	0.802684
1700	0.572907	0.183967	786	0.325054	0.449421	0.591175	0.717520	0.790352
1800	0.563496	0.182277	786	0.327051	0.443050	0.580568	0.701058	0.778890
1900	0.555188	0.180410	786	0.319165	0.435348	0.570699	0.689446	0.771616
2000	0.547844	0.178445	786	0.307874	0.426874	0.566170	0.682762	0.759917
2100	0.541577	0.176577	786	0.303710	0.425031	0.563300	0.678563	0.755921
2200	0.536123	0.175044	786	0.297440	0.422451	0.554127	0.675113	0.747197
2300	0.531371	0.173672	786	0.294268	0.416922	0.544752	0.670488	0.739750
2400	0.527320	0.172380	786	0.292782	0.412757	0.537496	0.662754	0.734847
2500	0.523673	0.171107	786	0.285168	0.403520	0.535097	0.658798	0.730617
2600	0.520372	0.170085	786	0.286767	0.401021	0.530072	0.653889	0.729256
2700	0.517547	0.169350	786	0.286161	0.400141	0.526230	0.646267	0.727762
2800	0.515022	0.168468	786	0.280154	0.400387	0.522469	0.640546	0.722694
2900	0.512519	0.167479	786	0.278458	0.397027	0.518488	0.639648	0.725406
3000	0.510043	0.166500	786	0.278622	0.393197	0.512905	0.630756	0.722039
3100	0.507581	0.165719	786	0.277826	0.392198	0.513067	0.627678	0.720995
3200	0.505296	0.164829	786	0.278704	0.392062	0.509434	0.628687	0.721040
3300	0.503048	0.163828	786	0.279733	0.394100	0.508115	0.622874	0.713850
3400	0.500790	0.162706	786	0.282110	0.391925	0.505791	0.620780	0.710815
3500	0.498493	0.161611	786	0.281156	0.390187	0.504229	0.616510	0.706198
3600	0.496282	0.160658	786	0.279527	0.388784	0.498469	0.614101	0.703613
3700	0.494247	0.159873	786	0.278487	0.386925	0.498307	0.610968	0.700991
3800	0.492243	0.159090	786	0.275842	0.384859	0.495588	0.606401	0.701024
3900	0.490221	0.158076	786	0.274640	0.384400	0.492711	0.603673	0.698646
4000	0.488182	0.156992	786	0.273726	0.379267	0.488487	0.599093	0.697827
4100	0.486181	0.156097	786	0.279972	0.377339	0.486726	0.595629	0.694365
4200	0.484299	0.155363	786	0.281070	0.376657	0.485968	0.595211	0.690986
4300	0.482615	0.154632	786	0.276716	0.374029	0.483540	0.592090	0.687606
4400	0.480725	0.154065	786	0.275524	0.369491	0.482053	0.586865	0.684753
4500	0.478795	0.153577	786	0.275946	0.369761	0.478157	0.581290	0.683837
4600	0.476981	0.152968	786	0.275245	0.369479	0.475109	0.580161	0.679018
4700	0.475521	0.152074	786	0.278817	0.368020	0.473720	0.576509	0.676199
4800	0.474080	0.151206	786	0.279004	0.369241	0.470001	0.573815	0.673070
4900	0.472565	0.150512	786	0.274420	0.365007	0.467744	0.572578	0.670368
5000	0.470982	0.149726	786	0.275518	0.364805	0.467654	0.569009	0.667245
5100	0.469308	0.149057	786	0.276852	0.362902	0.468898	0.564616	0.662959
5200	0.467595	0.148598	786	0.274159	0.364802	0.466918	0.564920	0.665881
5300	0.465881	0.148005	786	0.269966	0.365036	0.465090	0.559322	0.666401
5400	0.464140	0.147313	786	0.272775	0.366676	0.463243	0.556205	0.663388
5500	0.462325	0.146692	786	0.269627	0.363784	0.462977	0.554127	0.658639
5600	0.460781	0.146066	786	0.266943	0.363559	0.461480	0.554553	0.653763
5700	0.459454	0.145423	786	0.261354	0.361039	0.461814	0.555161	0.652706
5800	0.458150	0.144610	786	0.261003	0.359276	0.461900	0.556042	0.645118
5900	0.456845	0.143808	786	0.260651	0.355106	0.460798	0.556419	0.645181
6000	0.455356	0.143139	786	0.259798	0.355245	0.457243	0.552593	0.642149
6100	0.453704	0.142647	786	0.258064	0.353080	0.453749	0.549681	0.641159
6200	0.452110	0.142103	786	0.259474	0.350982	0.450474	0.548191	0.637885
6300	0.450442	0.141552	786	0.262914	0.350722	0.449896	0.544803	0.634087
6400	0.448730	0.141173	786	0.262850	0.351008	0.449460	0.544636	0.631630
6500	0.446897	0.140783	786	0.262336	0.348249	0.445574	0.541946	0.627547
6600	0.445161	0.140245	786	0.264641	0.345448	0.442749	0.540090	0.625500
6700	0.443433	0.139816	786	0.262257	0.345134	0.439023	0.538027	0.623822
6800	0.441722	0.139420	786	0.262260	0.345755	0.437039	0.537063	0.622732
6900	0.439969	0.139162	786	0.258263	0.342118	0.435609	0.535537	0.619591
7000	0.438244	0.138986	786	0.254014	0.341108	0.433586	0.533566	0.614810
7100	0.436592	0.138886	786	0.253659	0.339643	0.430579	0.533385	0.614298
7200	0.434953	0.138633	786	0.257921	0.335912	0.428954	0.530863	0.616103
7300	0.433308	0.138322	786	0.252437	0.334688	0.425501	0.528882	0.610052
7400	0.431728	0.137988	786	0.252651	0.335880	0.425377	0.524947	0.608460
7500	0.430271	0.137417	786	0.254013	0.338819	0.425619	0.522348	0.609632
7600	0.428790	0.136983	786	0.251644	0.335730	0.422198	0.516866	0.607090
7700	0.427161	0.136665	786	0.250274	0.332775	0.423152	0.513716	0.608300
7800	0.425545	0.136470	786	0.249724	0.328553	0.420808	0.513547	0.608417
7900	0.423828	0.136417	786	0.249587	0.324244	0.419499	0.513241	0.605631
8000	0.422206	0.136406	786	0.251699	0.322514	0.421012	0.514418	0.602276
8100	0.420549	0.136324	786	0.248515	0.320833	0.421898	0.510858	0.601627
8200	0.418882	0.136226	786	0.245918	0.320246	0.420130	0.508845	0.600755
8300	0.417268	0.136090	786	0.241275	0.318198	0.417213	0.505527	0.596295
8400	0.415583	0.135909	786	0.240531	0.315768	0.415729	0.503123	0.592771
8500	0.413803	0.135661	786	0.239433	0.313187	0.413726	0.503946	0.591239
8600	0.411854	0.135489	786	0.238825	0.314646	0.413724	0.502940	0.588671
8700	0.409836	0.135375	786	0.233728	0.315090	0.411275	0.500079	0.585544
8800	0.407824	0.135344	786	0.228840	0.313306	0.408701	0.495485	0.583337
8900	0.405756	0.135210	786	0.227448	0.309315	0.405212	0.493235	0.576982
9000	0.403767	0.134960	786	0.225582	0.303882	0.401698	0.490310	0.575660
9100	0.401841	0.134808	786	0.222619	0.303050	0.401230	0.486101	0.572832
9200	0.399998	0.134629	786	0.221706	0.300435	0.399337	0.481886	0.572890
9300	0.398158	0.134329	786	0.219984	0.298793	0.398413	0.482293	0.570001
9400	0.396253	0.134071	786	0.219809	0.295398	0.396450	0.482394	0.568065
9500	0.394318	0.133877	786	0.217923	0.293837	0.393502	0.481535	0.565755
9600	0.392275	0.133670	786	0.220167	0.290902	0.389553	0.477178	0.565482
9700	0.390296	0.133423	786	0.218654	0.288163	0.388849	0.475583	0.564604
9800	0.388412	0.133121	786	0.220218	0.286191	0.388069	0.475790	0.560129
9900	0.386666	0.132783	786	0.221371	0.286094	0.387454	0.474215	0.556761
10000	0.384873	0.132339	786	0.219363	0.285858	0.384203	0.472555	0.559096
10100	0.383155	0.131833	786	0.216890	0.283271	0.380583	0.470773	0.557786
10200	0.381537	0.131351	786	0.216770	0.282759	0.379320	0.469180	0.554761
10300	0.379915	0.130819	786	0.216955	0.284566	0.376159	0.468139	0.551593
10400	0.378211	0.130441	786	0.218327	0.286275	0.374350	0.467495	0.551148
10500	0.376398	0.130158	786	0.217672	0.282388	0.374106	0.464328	0.547546
10600	0.374459	0.129894	786	0.213797	0.278909	0.372251	0.459667	0.544183
10700	0.372444	0.129640	786	0.212364	0.277571	0.370353	0.457246	0.541559
10800	0.370379	0.129475	786	0.209835	0.275289	0.366897	0.453584	0.537457
10900	0.368431	0.129418	786	0.206969	0.270692	0.363103	0.450422	0.534950
11000	0.366621	0.129462	786	0.207877	0.269586	0.361666	0.447477	0.534290
11100	0.364887	0.129469	786	0.203776	0.267153	0.360973	0.449280	0.534077
11200	0.363190	0.129373	786	0.200704	0.264824	0.358074	0.447754	0.532742
11300	0.361449	0.129168	786	0.198431	0.265075	0.354304	0.447236	0.528641
11400	0.359552	0.128983	786	0.200179	0.265770	0.350232	0.446313	0.526570
11500	0.357647	0.128871	786	0.196893	0.263595	0.348259	0.446688	0.527434
11600	0.355726	0.128701	786	0.192110	0.261598	0.346671	0.443614	0.526316
11700	0.353699	0.128570	786	0.187513	0.261013	0.344886	0.444549	0.520563
11800	0.351687	0.128371	786	0.187313	0.259916	0.343505	0.442141	0.514787
11900	0.349801	0.128101	786	0.185712	0.258195	0.341168	0.442412	0.513133
12000	0.348051	0.127821	786	0.186040	0.255515	0.337849	0.442393	0.514330
12100	0.346375	0.127516	786	0.185837	0.251966	0.336021	0.440102	0.516742
12200	0.344658	0.127104	786	0.185385	0.253250	0.332831	0.435219	0.514204
12300	0.342928	0.126652	786	0.182887	0.251711	0.330882	0.431946	0.511347
12400	0.341286	0.126238	786	0.181837	0.249524	0.330261	0.428312	0.508283
12500	0.339587	0.125990	786	0.180583	0.247987	0.328158	0.425795	0.501802
12600	0.337969	0.125790	786	0.179677	0.243101	0.326785	0.420949	0.501309
12700	0.336460	0.125613	786	0.177717	0.243009	0.326611	0.415280	0.500230
12800	0.334846	0.125392	786	0.176843	0.241267	0.326004	0.413614	0.498367
12900	0.333149	0.125203	786	0.179322	0.239450	0.326118	0.409504	0.495084
13000	0.331406	0.125096	786	0.175985	0.240771	0.324579	0.408974	0.496704
13100	0.329668	0.124935	786	0.173333	0.238967	0.322730	0.406204	0.492760
13200	0.327895	0.124710	786	0.171347	0.235500	0.321636	0.405230	0.492236
13300	0.326143	0.124545	786	0.168406	0.233998	0.319116	0.404939	0.491135
13400	0.324484	0.124410	786	0.168992	0.232496	0.315131	0.401166	0.487206
13500	0.322811	0.124213	786	0.168467	0.230799	0.313202	0.399666	0.485118
13600	0.321100	0.123942	786	0.167238	0.228184	0.309976	0.398007	0.481366
13700	0.319331	0.123757	786	0.164955	0.226850	0.309153	0.396403	0.479266
13800	0.317529	0.123605	786	0.164032	0.226488	0.306940	0.395349	0.476619
13900	0.315734	0.123453	786	0.165001	0.224982	0.304424	0.396112	0.473615
14000	0.313935	0.123198	786	0.163745	0.223484	0.303321	0.395142	0.473354
14100	0.312104	0.122841	786	0.161359	0.221999	0.301886	0.393144	0.471393
14200	0.310264	0.122502	786	0.160335	0.221704	0.299162	0.392324	0.473712
14300	0.308422	0.122160	786	0.158262	0.222310	0.297186	0.388835	0.469181
14400	0.306600	0.121861	786	0.157572	0.217798	0.294413	0.386209	0.468738
14500	0.304770	0.121556	786	0.155587	0.216871	0.292120	0.382967	0.466950
14600	0.302861	0.121285	786	0.153561	0.214245	0.288313	0.379762	0.464260
14700	0.300906	0.121017	786	0.152803	0.212717	0.286871	0.377110	0.461412
14800	0.298934	0.120852	786	0.151708	0.211953	0.285553	0.375090	0.458893
14900	0.297027	0.120732	786	0.151790	0.210124	0.281883	0.373975	0.457573
15000	0.295149	0.120641	786	0.149772	0.206565	0.279903	0.371710	0.455553
15100	0.293339	0.120631	786	0.147852	0.205259	0.279124	0.370770	0.454048
15200	0.291515	0.120586	786	0.145303	0.201676	0.279432	0.369597	0.451088
15300	0.289713	0.120430	786	0.144472	0.200320	0.276969	0.368942	0.448220
15400	0.287959	0.120149	786	0.142072	0.198862	0.273744	0.367571	0.444669
15500	0.286258	0.119909	786	0.140285	0.196363	0.270906	0.366530	0.442052
15600	0.284547	0.119649	786	0.137340	0.195241	0.271073	0.364144	0.437897
15700	0.282835	0.119315	786	0.136296	0.193211	0.268664	0.361416	0.437585
15800	0.281105	0.118921	786	0.134893	0.192803	0.266337	0.358326	0.434969
15900	0.279294	0.118476	786	0.131411	0.191029	0.266408	0.355592	0.431752
16000	0.277551	0.117914	786	0.129594	0.190767	0.264742	0.353896	0.430814
16100	0.275766	0.117394	786	0.130527	0.188850	0.259829	0.351718	0.426585
16200	0.274112	0.116880	786	0.129735	0.189207	0.257640	0.352867	0.426405
16300	0.272579	0.116411	786	0.128329	0.188104	0.257269	0.350088	0.426993
16400	0.271142	0.115980	786	0.127156	0.187053	0.257098	0.349501	0.425590
16500	0.269730	0.115550	786	0.125673	0.185766	0.257182	0.348303	0.420613
16600	0.268312	0.115046	786	0.124161	0.183360	0.256615	0.345262	0.421387
16700	0.266890	0.114535	786	0.121940	0.181238	0.255797	0.342781	0.419521
16800	0.265402	0.114143	786	0.120457	0.179885	0.255521	0.342359	0.416404
16900	0.263861	0.113826	786	0.120017	0.178865	0.254807	0.338391	0.412593
17000	0.262345	0.113418	786	0.118770	0.177187	0.254365	0.335209	0.412636
17100	0.260825	0.112979	786	0.116382	0.175997	0.252494	0.335225	0.410777
17200	0.259284	0.112440	786	0.116336	0.175038	0.251407	0.329564	0.409282
17300	0.257644	0.111926	786	0.115661	0.175797	0.251576	0.327175	0.406352
17400	0.255910	0.111409	786	0.115155	0.175696	0.247923	0.326316	0.403312
17500	0.254165	0.110862	786	0.112926	0.173779	0.247502	0.323759	0.402205
17600	0.252369	0.110296	786	0.112651	0.172628	0.244993	0.321589	0.399368
17700	0.250725	0.109676	786	0.111597	0.171103	0.244494	0.318605	0.396159
17800	0.249010	0.108992	786	0.110750	0.168362	0.244177	0.314481	0.396254
17900	0.247416	0.108384	786	0.110849	0.165690	0.243806	0.313902	0.391738
18000	0.245805	0.107812	786	0.108740	0.163093	0.240815	0.312377	0.389066
18100	0.244134	0.107185	786	0.107754	0.162191	0.239288	0.311607	0.387035
18200	0.242556	0.106471	786	0.107736	0.161495	0.237665	0.310114	0.382863
18300	0.240995	0.105833	786	0.106678	0.159608	0.236455	0.308032	0.379808
18400	0.239410	0.105295	786	0.107372	0.158732	0.233223	0.305960	0.376536
18500	0.237847	0.104841	786	0.104681	0.159259	0.231550	0.303823	0.374601
18600	0.236361	0.104450	786	0.102908	0.158247	0.230045	0.301215	0.370383
18700	0.234944	0.103988	786	0.103642	0.158503	0.228867	0.299614	0.368012
18800	0.233580	0.103570	786	0.103587	0.158058	0.227674	0.297292	0.369597
18900	0.232154	0.103127	786	0.102160	0.157409	0.225274	0.297678	0.368337
19000	0.230751	0.102727	786	0.101758	0.156986	0.221962	0.295522	0.370148
19100	0.229264	0.102307	786	0.100440	0.155254	0.219767	0.293190	0.366402
19200	0.227705	0.101784	786	0.098884	0.154265	0.218674	0.290308	0.366737
19300	0.226103	0.101273	786	0.097512	0.152853	0.215788	0.289305	0.362637
19400	0.224525	0.100841	786	0.095893	0.152551	0.214554	0.288655	0.361660
19500	0.223006	0.100387	786	0.094172	0.151854	0.211311	0.287979	0.358360
19600	0.221583	0.099893	786	0.092755	0.150518	0.209822	0.287783	0.356944
19700	0.220214	0.099460	786	0.091877	0.148495	0.208385	0.283817	0.351830
19800	0.218888	0.099033	786	0.093091	0.147294	0.205639	0.282491	0.349745
19900	0.217540	0.098560	786	0.092033	0.146736	0.205498	0.279366	0.345293
20000	0.216174	0.098088	786	0.091626	0.145068	0.204206	0.277905	0.340675
20100	0.214776	0.097535	786	0.091217	0.144493	0.203165	0.274979	0.340388
20200	0.213450	0.096970	786	0.091444	0.143918	0.202206	0.274282	0.340077
20300	0.212130	0.096465	786	0.090929	0.143080	0.201375	0.272911	0.338411
20400	0.210764	0.095985	786	0.090875	0.141806	0.202280	0.271812	0.336500
20500	0.209353	0.095538	786	0.089404	0.140957	0.200237	0.271537	0.334186
20600	0.207932	0.095081	786	0.088168	0.140661	0.198479	0.269729	0.332526
20700	0.206562	0.094611	786	0.088207	0.138825	0.198066	0.265491	0.330628
20800	0.205114	0.094191	786	0.087897	0.136392	0.197287	0.263502	0.327573
20900	0.203672	0.093871	786	0.085787	0.135465	0.197187	0.261570	0.325446
21000	0.202194	0.093566	786	0.083753	0.135478	0.195218	0.258990	0.325361
21100	0.200752	0.093260	786	0.082106	0.133655	0.194193	0.257739	0.323179
21200	0.199339	0.092956	786	0.080680	0.132712	0.191349	0.255346	0.322064
21300	0.197953	0.092632	786	0.080647	0.130503	0.190066	0.254122	0.319752
21400	0.196552	0.092247	786	0.081033	0.128587	0.188512	0.253211	0.319278
21500	0.195133	0.091881	786	0.080686	0.128896	0.186215	0.250721	0.317450
21600	0.193753	0.091589	786	0.080670	0.127693	0.185414	0.248232	0.316737
21700	0.192382	0.091251	786	0.082250	0.125663	0.184454	0.247113	0.313866
21800	0.190981	0.090910	786	0.081151	0.124589	0.182463	0.244046	0.313551
21900	0.189580	0.090593	786	0.079268	0.121792	0.180623	0.243786	0.311225
22000	0.188283	0.090294	786	0.077294	0.119639	0.180390	0.243214	0.311881
22100	0.187058	0.090024	786	0.076334	0.119109	0.178352	0.243570	0.310419
22200	0.185842	0.089761	786	0.075374	0.117983	0.177539	0.242698	0.308533
22300	0.184622	0.089452	786	0.075430	0.118257	0.176327	0.239123	0.307452
22400	0.183486	0.089122	786	0.074920	0.118044	0.175266	0.237777	0.306126
22500	0.182306	0.088820	786	0.072494	0.115809	0.174538	0.236907	0.303827
22600	0.181164	0.088511	786	0.071272	0.114465	0.172840	0.237061	0.303532
22700	0.180057	0.088218	786	0.070574	0.114003	0.171237	0.237806	0.302142
22800	0.178906	0.087930	786	0.070086	0.112320	0.168967	0.235660	0.300747
22900	0.177787	0.087617	786	0.070078	0.111488	0.167422	0.235374	0.299057
23000	0.176670	0.087289	786	0.070241	0.110889	0.166740	0.237352	0.297691
23100	0.175523	0.086892	786	0.069871	0.110360	0.165169	0.237081	0.295703
23200	0.174399	0.086425	786	0.068187	0.109102	0.165598	0.235071	0.292504
23300	0.173230	0.085917	786	0.067248	0.107614	0.164499	0.232480	0.290188
23400	0.172044	0.085395	786	0.066458	0.107530	0.162829	0.230374	0.288654
23500	0.170836	0.084830	786	0.066050	0.107603	0.162617	0.228227	0.287119
23600	0.169642	0.084210	786	0.066205	0.106191	0.160629	0.226814	0.285991
23700	0.168479	0.083633	786	0.065872	0.104567	0.159834	0.225753	0.283179
23800	0.167367	0.082989	786	0.065093	0.104522	0.159601	0.224579	0.282902
23900	0.166319	0.082398	786	0.063612	0.102894	0.158275	0.224229	0.281079
24000	0.165340	0.081864	786	0.064395	0.102760	0.157490	0.221650	0.278333
24100	0.164428	0.081367	786	0.063485	0.101280	0.157156	0.220152	0.276152
24200	0.163572	0.080897	786	0.062694	0.101044	0.156219	0.218381	0.274333
24300	0.162736	0.080476	786	0.063964	0.100115	0.155234	0.219447	0.273663
24400	0.161820	0.080066	786	0.064461	0.099076	0.154350	0.217396	0.271789
24500	0.160879	0.079682	786	0.063186	0.098551	0.152816	0.215182	0.268713
24600	0.159894	0.079282	786	0.062438	0.097940	0.151562	0.213520	0.265788
24700	0.158913	0.078883	786	0.062054	0.096838	0.150156	0.212384	0.263767
24800	0.157970	0.078550	786	0.061932	0.097174	0.149040	0.211184	0.262156
24900	0.157052	0.078164	786	0.061131	0.097490	0.149225	0.209130	0.260403
25000	0.156114	0.077759	786	0.061688	0.097329	0.149168	0.209022	0.259928
25100	0.155243	0.077422	786	0.060373	0.096191	0.147923	0.208905	0.259091
25200	0.154379	0.077048	786	0.060297	0.095158	0.146399	0.208930	0.258960
25300	0.153453	0.076641	786	0.059375	0.095108	0.144515	0.207059	0.258830
25400	0.152529	0.076219	786	0.059782	0.094452	0.143494	0.204258	0.257738
25500	0.151585	0.075770	786	0.060210	0.093655	0.142338	0.204131	0.254808
25600	0.150669	0.075334	786	0.060018	0.093643	0.141443	0.202961	0.254344
25700	0.149757	0.074984	786	0.059168	0.092391	0.141190	0.201530	0.254324
25800	0.148853	0.074659	786	0.057111	0.091929	0.139636	0.200179	0.252198
25900	0.147944	0.074354	786	0.055815	0.090767	0.139188	0.198356	0.249684
26000	0.147132	0.074083	786	0.056115	0.090469	0.137937	0.197352	0.248320
26100	0.146355	0.073818	786	0.055161	0.090441	0.137415	0.195652	0.246924
26200	0.145577	0.073561	786	0.053252	0.090663	0.136258	0.193027	0.248020
26300	0.144749	0.073305	786	0.052361	0.089902	0.135609	0.192135	0.246966
26400	0.143866	0.072987	786	0.051430	0.089613	0.133946	0.191023	0.245835
26500	0.143036	0.072667	786	0.052684	0.088080	0.133373	0.189907	0.244156
26600	0.142223	0.072380	786	0.051185	0.086911	0.133584	0.189849	0.242187
26700	0.141435	0.072185	786	0.050059	0.086307	0.133499	0.190231	0.240291
26800	0.140732	0.072052	786	0.048136	0.086760	0.132878	0.188733	0.238451
26900	0.140052	0.071939	786	0.047452	0.085601	0.131463	0.188432	0.237828
27000	0.139425	0.071810	786	0.047928	0.085420	0.131110	0.186190	0.236557
27100	0.138790	0.071646	786	0.048409	0.084929	0.130367	0.184520	0.235609
27200	0.138164	0.071466	786	0.048097	0.085005	0.129604	0.183848	0.233442
27300	0.137488	0.071258	786	0.047133	0.084932	0.128568	0.183588	0.232053
27400	0.136831	0.071040	786	0.046247	0.084553	0.127617	0.183681	0.231139
27500	0.136140	0.070847	786	0.046238	0.083811	0.126689	0.183595	0.229483
27600	0.135443	0.070657	786	0.045827	0.083830	0.126649	0.183180	0.230531
27700	0.134743	0.070481	786	0.045372	0.082626	0.126119	0.182949	0.227984
27800	0.134051	0.070306	786	0.046222	0.080834	0.125109	0.181949	0.227848
27900	0.133408	0.070121	786	0.046749	0.081070	0.125743	0.180728	0.225717
28000	0.132787	0.069941	786	0.043867	0.079836	0.125111	0.179737	0.224946
28100	0.132152	0.069768	786	0.043873	0.078979	0.125429	0.178637	0.223209
28200	0.131495	0.069597	786	0.042881	0.078410	0.124822	0.179159	0.224228
28300	0.130828	0.069379	786	0.042341	0.078169	0.124840	0.177556	0.224788
28400	0.130206	0.069134	786	0.043657	0.078175	0.123611	0.176307	0.223158
28500	0.129591	0.068880	786	0.042540	0.077527	0.123656	0.177592	0.222160
28600	0.129030	0.068648	786	0.042643	0.077132	0.122510	0.176383	0.221547
28700	0.128491	0.068450	786	0.042976	0.077377	0.121896	0.175002	0.219146
28800	0.127917	0.068260	786	0.043194	0.076852	0.122151	0.174165	0.218758
28900	0.127315	0.068044	786	0.042746	0.076680	0.121163	0.172490	0.218128
29000	0.126795	0.067881	786	0.041407	0.076289	0.120971	0.171232	0.217169
29100	0.126341	0.067778	786	0.040981	0.075380	0.119103	0.171330	0.216531
29200	0.125803	0.067661	786	0.039580	0.074842	0.119443	0.171761	0.216433
29300	0.125257	0.067555	786	0.039127	0.074517	0.118126	0.170756	0.213690
29400	0.124665	0.067419	786	0.038794	0.074647	0.116900	0.169003	0.211433
29500	0.124055	0.067251	786	0.039035	0.074489	0.115266	0.169009	0.212609
29600	0.123418	0.067062	786	0.039470	0.073696	0.114967	0.168085	0.213324
29700	0.122748	0.066870	786	0.039269	0.073566	0.113577	0.167101	0.213153
29800	0.122029	0.066678	786	0.038675	0.073372	0.112375	0.166239	0.212037
29900	0.121334	0.066470	786	0.038665	0.072158	0.112871	0.165004	0.210734
30000	0.120711	0.066193	786	0.039160	0.071352	0.111743	0.164296	0.208449
30100	0.120085	0.065896	786	0.039028	0.070154	0.111250	0.163866	0.206981
30200	0.119474	0.065581	786	0.038593	0.070113	0.110436	0.163776	0.205084
30300	0.118845	0.065254	786	0.038504	0.068920	0.109873	0.162839	0.204710
30400	0.118289	0.065002	786	0.037824	0.069726	0.108522	0.162294	0.205584
30500	0.117735	0.064737	786	0.037305	0.069362	0.108601	0.161810	0.204364
30600	0.117174	0.064498	786	0.036600	0.068918	0.108867	0.161201	0.204207
30700	0.116588	0.064217	786	0.037077	0.068879	0.108290	0.159793	0.202136
30800	0.116005	0.063941	786	0.036751	0.067985	0.107625	0.158330	0.200605
30900	0.115443	0.063650	786	0.036517	0.068191	0.107378	0.156778	0.199098
31000	0.114873	0.063317	786	0.036394	0.066873	0.106806	0.155490	0.197821
31100	0.114306	0.062980	786	0.036275	0.068059	0.106675	0.154339	0.198281
31200	0.113724	0.062667	786	0.035775	0.067779	0.106054	0.153486	0.197335
31300	0.113146	0.062395	786	0.035456	0.068009	0.105549	0.152053	0.196360
31400	0.112579	0.062128	786	0.035943	0.066942	0.104444	0.151149	0.196099
31500	0.112055	0.061875	786	0.035305	0.066607	0.104117	0.151310	0.197008
31600	0.111562	0.061642	786	0.035610	0.066407	0.102802	0.150657	0.196482
31700	0.111093	0.061471	786	0.035426	0.066128	0.102380	0.149479	0.195532
31800	0.110619	0.061306	786	0.035510	0.065766	0.102292	0.148302	0.194223
31900	0.110212	0.061116	786	0.035344	0.065489	0.101795	0.147935	0.193844
32000	0.109791	0.060914	786	0.035771	0.064601	0.102854	0.146441	0.193840
32100	0.109369	0.060731	786	0.035543	0.064747	0.101190	0.146780	0.193317
32200	0.108913	0.060497	786	0.034909	0.064618	0.101167	0.146318	0.191518
32300	0.108465	0.060321	786	0.035638	0.064091	0.100587	0.146001	0.192051
32400	0.108013	0.060209	786	0.034059	0.063636	0.099683	0.144141	0.191730
32500	0.107498	0.060054	786	0.033785	0.062939	0.101182	0.143188	0.191061
32600	0.106979	0.059863	786	0.033973	0.062425	0.100672	0.143219	0.190148
32700	0.106461	0.059618	786	0.033547	0.062348	0.100343	0.142666	0.189396
32800	0.106004	0.059396	786	0.033628	0.062071	0.099081	0.142290	0.187868
32900	0.105536	0.059228	786	0.033978	0.060584	0.099166	0.141180	0.186538
33000	0.105071	0.059060	786	0.033791	0.059845	0.098868	0.140328	0.184091
33100	0.104666	0.058952	786	0.034164	0.060738	0.098536	0.140488	0.183455
33200	0.104245	0.058833	786	0.033336	0.060110	0.098275	0.139695	0.183011
33300	0.103813	0.058695	786	0.032973	0.059322	0.098142	0.139317	0.181500
33400	0.103386	0.058546	786	0.032951	0.059103	0.097685	0.139218	0.181504
33500	0.102972	0.058424	786	0.032634	0.058223	0.097631	0.138452	0.181289
33600	0.102532	0.058310	786	0.033088	0.058269	0.096164	0.137241	0.180685
33700	0.102153	0.058196	786	0.032718	0.057951	0.095300	0.136898	0.179640
33800	0.101775	0.058110	786	0.032215	0.058340	0.094845	0.136008	0.180038
33900	0.101406	0.058017	786	0.031217	0.058072	0.094390	0.135627	0.179756
34000	0.101047	0.057885	786	0.031292	0.057802	0.094337	0.135262	0.179456
34100	0.100669	0.057686	786	0.030600	0.057450	0.094010	0.133038	0.178829
34200	0.100269	0.057424	786	0.030281	0.057747	0.093628	0.132487	0.178315
34300	0.099868	0.057165	786	0.030358	0.056996	0.092711	0.131807	0.177212
34400	0.099469	0.056858	786	0.031016	0.056328	0.092115	0.131389	0.176440
34500	0.099063	0.056541	786	0.030581	0.055884	0.091732	0.130474	0.175247
34600	0.098672	0.056242	786	0.030682	0.055329	0.091634	0.130101	0.174352
34700	0.098274	0.055937	786	0.031162	0.054773	0.091680	0.130106	0.172817
34800	0.097880	0.055644	786	0.031381	0.054552	0.090950	0.129516	0.171649
34900	0.097499	0.055374	786	0.031600	0.054526	0.089999	0.129631	0.169871
35000	0.097126	0.055153	786	0.031712	0.054252	0.089984	0.129606	0.169640
35100	0.096753	0.054946	786	0.031927	0.052863	0.089298	0.130041	0.169953
35200	0.096382	0.054728	786	0.031882	0.053049	0.088479	0.129312	0.170163
35300	0.095978	0.054515	786	0.031458	0.052775	0.087900	0.127365	0.169159
35400	0.095607	0.054345	786	0.030834	0.052649	0.088104	0.127391	0.168223
35500	0.095247	0.054155	786	0.030011	0.052923	0.087806	0.127435	0.166399
35600	0.094865	0.053960	786	0.029589	0.053173	0.087657	0.127103	0.165552
35700	0.094480	0.053802	786	0.029303	0.052605	0.088357	0.126325	0.165411
35800	0.094085	0.053676	786	0.029008	0.051978	0.088782	0.126292	0.165270
35900	0.093690	0.053555	786	0.029431	0.051955	0.086936	0.124275	0.167545
36000	0.093265	0.053427	786	0.029350	0.052120	0.086484	0.123173	0.168553
36100	0.092828	0.053315	786	0.028856	0.051553	0.085686	0.123466	0.169201
36200	0.092393	0.053183	786	0.028695	0.050523	0.085424	0.123831	0.166920
36300	0.091908	0.053017	786	0.028318	0.051214	0.084866	0.123192	0.166457
36400	0.091462	0.052901	786	0.028193	0.050855	0.082705	0.122717	0.165679
36500	0.091043	0.052786	786	0.028227	0.049453	0.082479	0.123057	0.164971
36600	0.090632	0.052690	786	0.027948	0.049476	0.082588	0.122774	0.164730
36700	0.090227	0.052624	786	0.028401	0.049774	0.082250	0.122020	0.163437
36800	0.089815	0.052559	786	0.027829	0.049305	0.081932	0.121451	0.163717
36900	0.089417	0.052459	786	0.027899	0.049571	0.081145	0.121342	0.163249
37000	0.089033	0.052353	786	0.028019	0.049172	0.080681	0.120478	0.162126
37100	0.088668	0.052301	786	0.026952	0.049117	0.080622	0.119551	0.161906
37200	0.088338	0.052281	786	0.026865	0.048830	0.080560	0.119640	0.160302
37300	0.088019	0.052266	786	0.026467	0.048411	0.080497	0.118981	0.159788
37400	0.087684	0.052172	786	0.026294	0.048213	0.080462	0.117958	0.160901
37500	0.087370	0.052081	786	0.026461	0.047915	0.079567	0.117673	0.160671
37600	0.087072	0.051988	786	0.026138	0.047567	0.079130	0.116790	0.159949
37700	0.086732	0.051842	786	0.025676	0.047088	0.078689	0.115787	0.159134
37800	0.086364	0.051636	786	0.025603	0.047242	0.077735	0.115690	0.159671
37900	0.086044	0.051399	786	0.025361	0.047465	0.077701	0.115580	0.159158
38000	0.085692	0.051121	786	0.025134	0.047091	0.076794	0.115170	0.157880
38100	0.085355	0.050884	786	0.025024	0.047584	0.076161	0.115493	0.157159
38200	0.084990	0.050660	786	0.024839	0.047079	0.075345	0.115781	0.157118
38300	0.084678	0.050477	786	0.024897	0.047694	0.074794	0.116068	0.156880
38400	0.084351	0.050293	786	0.024757	0.047806	0.074835	0.115496	0.155514
38500	0.084028	0.050118	786	0.024617	0.047118	0.073979	0.114923	0.154436
38600	0.083783	0.049994	786	0.024539	0.046992	0.073978	0.114435	0.153696
38700	0.083512	0.049896	786	0.023998	0.046719	0.074445	0.113619	0.153153
38800	0.083238	0.049760	786	0.023340	0.046551	0.074817	0.112488	0.152365
38900	0.082947	0.049584	786	0.022918	0.046402	0.074385	0.112298	0.151476
39000	0.082655	0.049365	786	0.022473	0.045918	0.074156	0.111220	0.150427
39100	0.082376	0.049143	786	0.022984	0.045917	0.074229	0.109614	0.148784
39200	0.082111	0.048901	786	0.023467	0.045824	0.073638	0.108984	0.148954
39300	0.081897	0.048714	786	0.022887	0.045445	0.073031	0.109004	0.147385
39400	0.081727	0.048558	786	0.023449	0.045588	0.072770	0.109855	0.148767
39500	0.081537	0.048424	786	0.023991	0.046079	0.073743	0.109852	0.147686
39600	0.081338	0.048262	786	0.024165	0.046041	0.073250	0.108540	0.146875
39700	0.081146	0.048073	786	0.024413	0.046401	0.073232	0.107855	0.145985
39800	0.080945	0.047905	786	0.024565	0.046142	0.072242	0.108309	0.145137
39900	0.080735	0.047736	786	0.025518	0.045917	0.071853	0.108679	0.143936
40000	0.080524	0.047548	786	0.024860	0.045480	0.072079	0.109064	0.142911
40100	0.080297	0.047417	786	0.024988	0.045367	0.071893	0.109235	0.143488
40200	0.080089	0.047318	786	0.024892	0.044858	0.071501	0.108415	0.143866
40300	0.079879	0.047245	786	0.024164	0.044543	0.071952	0.108447	0.143423
40400	0.079685	0.047195	786	0.023590	0.044502	0.072448	0.109713	0.142156
40500	0.079474	0.047151	786	0.024010	0.044397	0.072420	0.108439	0.141535
40600	0.079241	0.047112	786	0.023440	0.044438	0.072826	0.109237	0.141257
40700	0.078963	0.047025	786	0.023481	0.044080	0.072499	0.107564	0.140049
40800	0.078668	0.046915	786	0.023214	0.043503	0.071865	0.107285	0.139587
40900	0.078402	0.046833	786	0.022818	0.042983	0.071898	0.107393	0.138424
41000	0.078171	0.046767	786	0.023166	0.042689	0.071685	0.107621	0.138589
41100	0.077925	0.046663	786	0.022306	0.042965	0.071861	0.107431	0.139664
41200	0.077672	0.046539	786	0.022048	0.042886	0.070979	0.106350	0.140025
41300	0.077399	0.046390	786	0.021285	0.042343	0.071041	0.106104	0.137426
41400	0.077149	0.046201	786	0.021428	0.042062	0.070814	0.105661	0.136924
41500	0.076934	0.045986	786	0.021786	0.041852	0.071115	0.105274	0.136037
41600	0.076687	0.045743	786	0.021421	0.041490	0.070903	0.105662	0.134707
41700	0.076428	0.045490	786	0.021162	0.041452	0.070395	0.104657	0.136074
41800	0.076145	0.045234	786	0.020858	0.042007	0.070717	0.104441	0.134970
41900	0.075874	0.044991	786	0.020805	0.041485	0.070575	0.104354	0.134367
42000	0.075586	0.044748	786	0.021603	0.041159	0.071314	0.103022	0.133874
42100	0.075284	0.044517	786	0.021298	0.041243	0.070194	0.101465	0.134045
42200	0.075028	0.044325	786	0.021106	0.040640	0.070794	0.100899	0.134758
42300	0.074790	0.044151	786	0.021494	0.040328	0.070587	0.099938	0.134254
42400	0.074537	0.043970	786	0.021773	0.040304	0.069653	0.100093	0.133122
42500	0.074309	0.043820	786	0.022138	0.040504	0.069860	0.100799	0.132892
42600	0.074095	0.043707	786	0.022038	0.040497	0.068923	0.100350	0.132311
42700	0.073905	0.043591	786	0.022126	0.039931	0.068624	0.100567	0.131908
42800	0.073701	0.043463	786	0.022314	0.040382	0.067895	0.100269	0.131910
42900	0.073461	0.043318	786	0.021925	0.040572	0.067954	0.099539	0.131773
43000	0.073197	0.043169	786	0.021641	0.040384	0.067225	0.099347	0.131405
43100	0.072935	0.043044	786	0.021615	0.040304	0.067370	0.098722	0.130993
43200	0.072700	0.042931	786	0.022200	0.040295	0.066990	0.098881	0.130959
43300	0.072499	0.042834	786	0.021606	0.039885	0.066598	0.099002	0.130467
43400	0.072272	0.042696	786	0.021682	0.039756	0.066183	0.099032	0.129550
43500	0.072062	0.042611	786	0.022472	0.039738	0.066251	0.098259	0.129114
43600	0.071900	0.042533	786	0.022619	0.039276	0.066132	0.097543	0.128536
43700	0.071744	0.042475	786	0.022813	0.039388	0.065645	0.097994	0.128778
43800	0.071562	0.042420	786	0.022526	0.039374	0.065490	0.097790	0.129015
43900	0.071362	0.042340	786	0.022238	0.039268	0.065343	0.097491	0.127840
44000	0.071176	0.042237	786	0.022242	0.039048	0.065166	0.097054	0.128572
44100	0.071017	0.042142	786	0.021728	0.038982	0.064027	0.097108	0.129250
44200	0.070851	0.042008	786	0.021717	0.039179	0.064736	0.096593	0.129124
44300	0.070662	0.041842	786	0.021319	0.039546	0.064557	0.096726	0.128591
44400	0.070448	0.041717	786	0.021131	0.039434	0.064172	0.096533	0.128340
44500	0.070215	0.041605	786	0.021759	0.039276	0.063901	0.096554	0.128551
44600	0.069977	0.041477	786	0.021249	0.039100	0.063569	0.095828	0.128669
44700	0.069711	0.041351	786	0.020644	0.038611	0.063775	0.095207	0.128032
44800	0.069452	0.041240	786	0.021276	0.038417	0.063750	0.094973	0.126816
44900	0.069193	0.041113	786	0.021296	0.038159	0.063810	0.094554	0.126601
45000	0.068961	0.041007	786	0.021339	0.038029	0.063421	0.094073	0.125138
45100	0.068678	0.040877	786	0.021315	0.037325	0.063012	0.093622	0.126209
45200	0.068446	0.040827	786	0.021901	0.036716	0.062955	0.093381	0.125854
45300	0.068222	0.040781	786	0.021822	0.036369	0.062246	0.093187	0.125882
45400	0.067994	0.040751	786	0.021615	0.035775	0.061859	0.092756	0.125424
45500	0.067802	0.040745	786	0.021180	0.035232	0.061654	0.091957	0.125496
45600	0.067605	0.040731	786	0.021150	0.034968	0.061675	0.091515	0.125459
45700	0.067404	0.040713	786	0.021463	0.034435	0.061785	0.090927	0.124642
45800	0.067225	0.040700	786	0.021131	0.034109	0.061693	0.091213	0.123735
45900	0.067071	0.040690	786	0.021016	0.033914	0.061594	0.090654	0.123665
46000	0.066910	0.040680	786	0.020935	0.033856	0.061979	0.090820	0.123860
46100	0.066766	0.040696	786	0.020369	0.034055	0.061712	0.090991	0.123660
46200	0.066626	0.040704	786	0.019982	0.034028	0.061448	0.090613	0.123402
46300	0.066476	0.040686	786	0.020240	0.033805	0.060786	0.089547	0.124097
46400	0.066294	0.040663	786	0.020342	0.033921	0.060314	0.089663	0.125044
46500	0.066075	0.040605	786	0.019695	0.033947	0.060740	0.088684	0.123517
46600	0.065856	0.040575	786	0.019254	0.034512	0.060681	0.089160	0.122485
46700	0.065637	0.040545	786	0.018861	0.034874	0.059581	0.089065	0.122256
46800	0.065407	0.040503	786	0.018640	0.034735	0.059234	0.088492	0.121112
46900	0.065211	0.040420	786	0.018299	0.035045	0.058312	0.089328	0.120837
47000	0.065029	0.040343	786	0.017328	0.034604	0.058207	0.088733	0.119859
47100	0.064859	0.040233	786	0.017171	0.035160	0.057753	0.088724	0.119738
47200	0.064646	0.040124	786	0.017196	0.034574	0.057970	0.087862	0.119917
47300	0.064437	0.040053	786	0.016560	0.034062	0.057718	0.087189	0.119086
47400	0.064200	0.039990	786	0.016835	0.033860	0.057596	0.086564	0.118413
47500	0.063964	0.039947	786	0.017233	0.033919	0.057256	0.085443	0.119107
47600	0.063829	0.039875	785	0.017394	0.033716	0.057535	0.085765	0.116864
47700	0.063640	0.039836	785	0.017166	0.033197	0.057720	0.085668	0.117090
47800	0.063427	0.039762	785	0.016801	0.033367	0.057536	0.085553	0.117222
47900	0.063227	0.039665	785	0.017012	0.033024	0.057675	0.085378	0.116705
48000	0.063029	0.039536	785	0.017199	0.032316	0.057390	0.084880	0.116302
48100	0.062838	0.039422	785	0.017183	0.032627	0.057384	0.084767	0.115698
48200	0.062658	0.039305	785	0.016796	0.032434	0.057270	0.084953	0.114780
48300	0.062473	0.039168	785	0.016430	0.032453	0.056433	0.084532	0.114345
48400	0.062292	0.039033	785	0.016427	0.032354	0.056038	0.084138	0.114216
48500	0.062120	0.038887	785	0.016472	0.032764	0.056176	0.083903	0.114259
48600	0.061933	0.038764	785	0.016194	0.032598	0.055728	0.083539	0.113391
48700	0.061778	0.038696	785	0.015721	0.032385	0.055558	0.083559	0.113116
48800	0.061638	0.038636	785	0.015441	0.032606	0.055455	0.083427	0.112571
48900	0.061443	0.038555	785	0.015259	0.032375	0.055444	0.083515	0.112288
49000	0.061245	0.038514	785	0.015183	0.032340	0.055502	0.083637	0.112444
49100	0.061089	0.038467	785	0.015086	0.032658	0.055179	0.083720	0.112044
49200	0.060944	0.038426	785	0.014989	0.032835	0.054878	0.083970	0.111448
49300	0.060816	0.038391	785	0.015290	0.032883	0.054612	0.082981	0.110881
49400	0.060692	0.038339	785	0.016070	0.033071	0.054556	0.083033	0.111436
49500	0.060590	0.038288	785	0.015923	0.033036	0.054584	0.082694	0.111422
49600	0.060491	0.038238	785	0.016138	0.032846	0.054423	0.082826	0.111321
49700	0.060414	0.038204	785	0.016345	0.032873	0.053862	0.082310	0.112450
49800	0.060314	0.038205	785	0.016580	0.033120	0.053722	0.081374	0.112131
49900	0.060229	0.038226	785	0.016499	0.033093	0.053598	0.081206	0.110547
50000	0.060143	0.038250	785	0.016127	0.032688	0.054000	0.080984	0.109144
50100	0.060066	0.038263	785	0.015937	0.032450	0.054123	0.080625	0.109261
50200	0.059991	0.038281	785	0.015420	0.032588	0.054022	0.081142	0.108688
50300	0.059933	0.038272	785	0.015515	0.032260	0.054185	0.080636	0.108934
50400	0.059861	0.038233	785	0.016042	0.032442	0.054450	0.080251	0.109018
50500	0.059765	0.038160	785	0.016060	0.032284	0.054228	0.080559	0.107934
50600	0.059667	0.038046	785	0.015949	0.031878	0.054151	0.080618	0.106849
50700	0.059551	0.037925	785	0.015429	0.031627	0.054225	0.080514	0.106035
50800	0.059417	0.037800	785	0.015075	0.031593	0.053717	0.080291	0.105952
50900	0.059250	0.037692	785	0.015009	0.031132	0.053607	0.080323	0.106263
51000	0.059136	0.037601	785	0.014495	0.031477	0.053517	0.080153	0.105454
51100	0.059028	0.037521	785	0.014358	0.031658	0.053485	0.080290	0.104540
51200	0.058927	0.037453	785	0.014386	0.031843	0.053258	0.079865	0.105668
51300	0.058808	0.037394	785	0.014128	0.032070	0.052964	0.079571	0.107013
51400	0.058702	0.037345	785	0.014406	0.032036	0.052967	0.079732	0.107161
51500	0.058624	0.037287	785	0.014652	0.032103	0.052946	0.079507	0.107223
51600	0.058577	0.037254	785	0.014437	0.031729	0.053414	0.079362	0.106751
51700	0.058541	0.037237	785	0.014724	0.032269	0.053538	0.079504	0.106208
51800	0.058489	0.037192	785	0.015068	0.032005	0.053678	0.079781	0.105797
51900	0.058400	0.037140	785	0.015096	0.031694	0.053476	0.079726	0.104623
52000	0.058282	0.037089	785	0.015542	0.031735	0.052938	0.079672	0.105353
52100	0.058149	0.037020	785	0.015093	0.031287	0.053088	0.079546	0.104950
52200	0.058025	0.036954	785	0.014851	0.031289	0.053474	0.079770	0.104757
52300	0.057916	0.036867	785	0.014803	0.031367	0.053314	0.079308	0.104585
52400	0.057789	0.036780	785	0.014528	0.031546	0.053162	0.078586	0.104523
52500	0.057686	0.036683	785	0.014181	0.031495	0.053247	0.078490	0.104673
52600	0.057598	0.036577	785	0.014032	0.031684	0.053844	0.077854	0.103388
52700	0.057489	0.036477	785	0.014409	0.031561	0.053486	0.077954	0.103149
52800	0.057347	0.036340	785	0.014603	0.031548	0.052749	0.077834	0.103121
52900	0.057191	0.036214	785	0.014678	0.032042	0.052283	0.078058	0.103888
53000	0.057048	0.036100	785	0.014498	0.031800	0.051892	0.077893	0.103228
53100	0.056892	0.036005	785	0.014703	0.031761	0.051500	0.078320	0.103792
53200	0.056717	0.035887	785	0.014010	0.031843	0.051127	0.077308	0.103256
53300	0.056544	0.035779	785	0.013611	0.030943	0.051647	0.076643	0.103236
53400	0.056382	0.035669	785	0.013601	0.030684	0.051210	0.076337	0.102911
53500	0.056211	0.035548	785	0.013473	0.030321	0.050899	0.076591	0.103055
53600	0.056035	0.035399	785	0.013633	0.030436	0.050549	0.076632	0.102988
53700	0.055858	0.035262	785	0.013579	0.030516	0.050474	0.076100	0.102334
53800	0.055660	0.035117	785	0.013775	0.030801	0.050548	0.076178	0.102163
53900	0.055470	0.034972	785	0.013578	0.030280	0.050525	0.076393	0.100886
54000	0.055279	0.034770	785	0.013180	0.029901	0.050695	0.076392	0.101120
54100	0.055116	0.034606	785	0.013172	0.030045	0.050529	0.075663	0.100594
54200	0.054915	0.034441	785	0.012984	0.029644	0.050294	0.075619	0.099851
54300	0.054712	0.034268	785	0.012676	0.029272	0.050528	0.075369	0.099688
54400	0.054514	0.034087	785	0.012706	0.029187	0.050361	0.074811	0.098740
54500	0.054289	0.033917	785	0.012693	0.028818	0.049864	0.074610	0.098483
54600	0.054077	0.033752	785	0.012753	0.028701	0.049897	0.074835	0.098867
54700	0.053889	0.033599	785	0.012732	0.028741	0.049925	0.074610	0.098189
54800	0.053694	0.033442	785	0.012658	0.028646	0.050010	0.074410	0.097871
54900	0.053498	0.033302	785	0.012485	0.028585	0.049879	0.073979	0.097520
55000	0.053320	0.033167	785	0.012418	0.028981	0.049996	0.072862	0.096959
55100	0.053146	0.033016	785	0.011614	0.029105	0.049749	0.072577	0.096892
55200	0.052988	0.032859	785	0.011491	0.028949	0.049321	0.073067	0.096075
55300	0.052847	0.032688	785	0.011236	0.028932	0.049164	0.072865	0.096434
55400	0.052696	0.032534	785	0.011709	0.028383	0.048609	0.072275	0.095735
55500	0.052543	0.032423	785	0.012382	0.028563	0.048333	0.072218	0.095096
55600	0.052408	0.032344	785	0.012411	0.028231	0.048488	0.071691	0.094611
55700	0.052271	0.032275	785	0.012273	0.028246	0.048275	0.071431	0.095044
55800	0.052148	0.032216	785	0.012107	0.028590	0.048512	0.071768	0.094563
55900	0.052007	0.032182	785	0.012157	0.028891	0.048329	0.071030	0.094395
56000	0.051849	0.032141	785	0.011807	0.028843	0.048250	0.071302	0.093726
56100	0.051700	0.032121	785	0.011601	0.028879	0.048453	0.071441	0.093598
56200	0.051566	0.032123	785	0.011485	0.028916	0.048334	0.070770	0.093609
56300	0.051421	0.032131	785	0.011366	0.028765	0.047853	0.070270	0.092920
56400	0.051297	0.032146	785	0.011358	0.028925	0.047823	0.069979	0.093637
56500	0.051203	0.032159	785	0.011199	0.028778	0.047496	0.069850	0.093738
56600	0.051114	0.032157	785	0.011272	0.028385	0.047208	0.069684	0.093550
56700	0.051021	0.032148	785	0.011540	0.028041	0.046921	0.069414	0.093346
56800	0.050937	0.032118	785	0.011384	0.027993	0.046808	0.069378	0.093700
56900	0.050844	0.032070	785	0.011181	0.028093	0.046752	0.069167	0.092826
57000	0.050731	0.032042	785	0.011591	0.027856	0.046354	0.068829	0.092318
57100	0.050609	0.032022	785	0.011674	0.027532	0.046318	0.069131	0.092255
57200	0.050466	0.031949	785	0.011415	0.027745	0.046387	0.068979	0.092487
57300	0.050322	0.031872	785	0.011637	0.027417	0.046041	0.068428	0.092130
57400	0.050186	0.031784	785	0.012018	0.026973	0.045928	0.068016	0.092301
57500	0.050033	0.031689	785	0.011865	0.026809	0.045547	0.067493	0.091421
57600	0.049857	0.031593	785	0.011299	0.026880	0.045329	0.067716	0.091544
57700	0.049705	0.031509	785	0.011058	0.026551	0.045581	0.067925	0.091769
57800	0.049585	0.031458	785	0.011028	0.026132	0.045453	0.067803	0.091466
57900	0.049470	0.031411	785	0.010449	0.025850	0.045728	0.067580	0.091518
58000	0.049354	0.031338	785	0.010408	0.026206	0.045678	0.067036	0.091734
58100	0.049227	0.031270	785	0.010484	0.026076	0.045812	0.066500	0.090762
58200	0.049099	0.031187	785	0.010314	0.026119	0.045814	0.066555	0.090787
58300	0.048984	0.031108	785	0.010272	0.025425	0.045859	0.066745	0.090321
58400	0.048873	0.031024	785	0.010173	0.025149	0.045593	0.066731	0.089842
58500	0.048749	0.030932	785	0.010373	0.025194	0.045393	0.066857	0.089317
58600	0.048609	0.030831	785	0.010439	0.025579	0.045538	0.066854	0.089159
58700	0.048450	0.030737	785	0.010583	0.025636	0.045233	0.066642	0.088758
58800	0.048278	0.030614	785	0.010830	0.025364	0.045169	0.066976	0.087802
58900	0.048109	0.030468	785	0.011130	0.025165	0.044289	0.066850	0.087811
59000	0.047967	0.030352	785	0.011119	0.025354	0.044000	0.065818	0.088051
59100	0.047834	0.030258	785	0.011194	0.025464	0.044052	0.065392	0.088315
59200	0.047711	0.030186	785	0.011159	0.025216	0.043679	0.065681	0.087092
59300	0.047602	0.030112	785	0.010625	0.025092	0.043397	0.065693	0.086166
59400	0.047470	0.030033	785	0.010564	0.025220	0.043179	0.065503	0.085283
59500	0.047299	0.029939	785	0.010915	0.024954	0.043300	0.065449	0.085145
59600	0.047107	0.029819	785	0.011201	0.024710	0.043005	0.065136	0.085201
59700	0.046937	0.029688	785	0.011281	0.024760	0.042569	0.065083	0.084969
59800	0.046804	0.029564	785	0.011480	0.024839	0.042335	0.064630	0.084960
59900	0.046701	0.029476	785	0.011338	0.024880	0.042004	0.064449	0.085045
60000	0.046630	0.029402	785	0.011476	0.024933	0.042064	0.063813	0.084371
60100	0.046542	0.029348	785	0.011220	0.025074	0.042209	0.064242	0.084590
60200	0.046450	0.029300	785	0.010947	0.025161	0.042465	0.064318	0.084118
60300	0.046337	0.029231	785	0.011214	0.025132	0.042448	0.064756	0.084310
60400	0.046274	0.029129	784	0.011959	0.025075	0.042671	0.064320	0.083620
60500	0.046131	0.029065	784	0.011747	0.024576	0.042726	0.064375	0.083778
60600	0.045977	0.028992	784	0.011859	0.024346	0.042500	0.064175	0.082661
60700	0.045821	0.028948	784	0.011519	0.024207	0.042101	0.063683	0.082852
60800	0.045666	0.028879	784	0.011151	0.024079	0.041950	0.063480	0.083110
60900	0.045494	0.028810	784	0.010784	0.023825	0.041871	0.063520	0.083090
61000	0.045328	0.028759	784	0.010977	0.023551	0.041588	0.062170	0.083086
61100	0.045159	0.028714	784	0.010902	0.023605	0.041107	0.062565	0.082993
61200	0.044991	0.028687	784	0.010546	0.023715	0.041500	0.062707	0.083793
61300	0.044833	0.028648	784	0.010327	0.023507	0.041635	0.062104	0.083907
61400	0.044665	0.028591	784	0.010240	0.023189	0.041190	0.061695	0.083758
61500	0.044490	0.028501	784	0.009952	0.023257	0.040994	0.061107	0.082751
61600	0.044327	0.028440	784	0.009790	0.023213	0.041014	0.060815	0.081925
61700	0.044221	0.028358	783	0.009920	0.023085	0.040410	0.061120	0.081620
61800	0.044082	0.028304	783	0.009681	0.022795	0.040145	0.060583	0.082087
61900	0.043955	0.028241	783	0.009754	0.022688	0.040155	0.059965	0.082503
62000	0.043830	0.028154	783	0.009647	0.022916	0.039983	0.059770	0.082867
62100	0.043713	0.028059	783	0.009576	0.022782	0.039425	0.059663	0.081960
62200	0.043620	0.027991	783	0.009749	0.022765	0.038881	0.060215	0.082472
62300	0.043522	0.027922	783	0.009679	0.022548	0.038437	0.060044	0.081526
62400	0.043410	0.027829	783	0.009333	0.022435	0.038745	0.060091	0.081895
62500	0.043300	0.027757	783	0.009569	0.022526	0.038887	0.059687	0.080904
62600	0.043216	0.027707	783	0.009900	0.022890	0.039126	0.059930	0.080918
62700	0.043113	0.027664	783	0.010049	0.023005	0.039332	0.060128	0.080881
62800	0.043012	0.027620	783	0.009777	0.022970	0.039235	0.060000	0.080233
62900	0.042908	0.027563	783	0.009534	0.023132	0.038998	0.059459	0.080054
63000	0.042804	0.027520	783	0.009727	0.023084	0.038644	0.059238	0.080299
63100	0.042723	0.027511	783	0.009679	0.023264	0.038490	0.059134	0.079616
63200	0.042635	0.027505	783	0.009615	0.022997	0.038567	0.058877	0.079502
63300	0.042569	0.027519	783	0.009484	0.022956	0.038459	0.058992	0.079708
63400	0.042485	0.027527	783	0.009174	0.023054	0.038267	0.059997	0.079817
63500	0.042385	0.027534	783	0.008857	0.022590	0.037741	0.059822	0.079933
63600	0.042285	0.027557	783	0.008530	0.022211	0.037884	0.059565	0.079629
63700	0.042175	0.027561	783	0.008306	0.022283	0.037984	0.059182	0.078503
63800	0.042055	0.027569	783	0.008257	0.021892	0.038183	0.058334	0.078498
63900	0.041918	0.027548	783	0.007968	0.021641	0.037869	0.058215	0.079015
64000	0.041782	0.027527	783	0.007722	0.021634	0.037734	0.057759	0.078736
64100	0.041651	0.027528	783	0.007511	0.021366	0.037524	0.058071	0.078296
64200	0.041538	0.027515	783	0.007550	0.021323	0.037710	0.057723	0.078923
64300	0.041428	0.027494	783	0.007573	0.020687	0.037706	0.057191	0.079049
64400	0.041316	0.027473	783	0.007282	0.020085	0.037551	0.056903	0.078877
64500	0.041179	0.027428	783	0.007438	0.019907	0.037719	0.056770	0.077954
64600	0.041042	0.027392	783	0.007245	0.019351	0.037549	0.056496	0.077753
64700	0.040914	0.027359	783	0.007230	0.019820	0.036373	0.056673	0.077577
64800	0.040788	0.027328	783	0.007099	0.019808	0.036524	0.056168	0.077177
64900	0.040681	0.027303	783	0.007416	0.019797	0.036603	0.055990	0.076780
65000	0.040589	0.027287	783	0.007578	0.019757	0.036487	0.056142	0.076654
65100	0.040506	0.027250	783	0.007732	0.019624	0.036404	0.056073	0.076518
65200	0.040414	0.027172	783	0.007829	0.019540	0.036261	0.056300	0.076846
65300	0.040340	0.027129	783	0.007421	0.019567	0.036623	0.056432	0.076497
65400	0.040269	0.027081	783	0.007249	0.019609	0.036441	0.056754	0.076810
65500	0.040221	0.027081	783	0.007314	0.019396	0.036597	0.057350	0.075659
65600	0.040167	0.027086	783	0.007448	0.019482	0.036756	0.057636	0.076113
65700	0.040132	0.027101	783	0.007556	0.019373	0.036176	0.057103	0.076873
65800	0.040108	0.027109	783	0.007714	0.019233	0.036428	0.056519	0.076877
65900	0.040098	0.027111	783	0.007830	0.019375	0.036404	0.055944	0.076633
66000	0.040057	0.027112	783	0.007820	0.019476	0.036165	0.055272	0.076389
66100	0.039989	0.027124	783	0.007805	0.019420	0.035653	0.055438	0.076070
66200	0.039922	0.027093	783	0.007852	0.019634	0.035636	0.055216	0.076198
66300	0.039861	0.027056	783	0.007951	0.019391	0.035697	0.055301	0.076562
66400	0.039799	0.027017	783	0.008254	0.019201	0.035888	0.055506	0.076607
66500	0.039702	0.026958	783	0.008024	0.019049	0.036090	0.055507	0.076441
66600	0.039613	0.026904	783	0.007941	0.018979	0.035850	0.055138	0.076555
66700	0.039515	0.026852	783	0.007564	0.018895	0.035491	0.054973	0.076143
66800	0.039420	0.026800	783	0.007888	0.018750	0.035229	0.054527	0.075803
66900	0.039315	0.026738	783	0.007879	0.018583	0.035049	0.054604	0.075610
67000	0.039210	0.026695	783	0.007577	0.018617	0.034993	0.054771	0.075215
67100	0.039092	0.026608	783	0.007684	0.018447	0.035162	0.054350	0.074574
67200	0.038988	0.026519	783	0.007707	0.018431	0.035151	0.053995	0.074557
67300	0.038900	0.026426	783	0.007729	0.018271	0.034947	0.053772	0.074390
67400	0.038810	0.026322	783	0.007397	0.018542	0.035273	0.053612	0.074099
67500	0.038720	0.026229	783	0.007407	0.018541	0.035150	0.053452	0.073534
67600	0.038602	0.026154	783	0.007326	0.018314	0.035360	0.053271	0.072862
67700	0.038497	0.026083	783	0.007122	0.018177	0.035120	0.053132	0.073179
67800	0.038374	0.025999	783	0.007603	0.018032	0.034898	0.053465	0.073635
67900	0.038265	0.025923	783	0.007387	0.018101	0.034705	0.053910	0.072935
68000	0.038160	0.025866	783	0.007514	0.018068	0.034299	0.053982	0.072659
68100	0.038053	0.025810	783	0.007263	0.017948	0.034303	0.053958	0.072126
68200	0.037959	0.025764	783	0.007169	0.017990	0.034033	0.054316	0.071622
68300	0.037858	0.025734	783	0.006905	0.017904	0.033754	0.054109	0.071563
68400	0.037769	0.025713	783	0.006828	0.017495	0.033403	0.053724	0.071546
68500	0.037695	0.025676	783	0.007010	0.017399	0.033480	0.053644	0.071746
68600	0.037633	0.025663	783	0.007182	0.017499	0.033801	0.053575	0.071244
68700	0.037593	0.025655	783	0.007110	0.017670	0.033509	0.053834	0.071265
68800	0.037569	0.025668	783	0.006836	0.017797	0.033700	0.053551	0.071174
68900	0.037560	0.025702	783	0.006628	0.017766	0.033786	0.053131	0.070431
69000	0.037546	0.025733	783	0.006701	0.018051	0.033701	0.053126	0.070083
69100	0.037523	0.025755	783	0.006781	0.017973	0.033827	0.052693	0.070812
69200	0.037507	0.025781	783	0.006873	0.017949	0.033817	0.052572	0.070770
69300	0.037508	0.025782	782	0.006832	0.017953	0.033857	0.052526	0.070640
69400	0.037449	0.025793	782	0.006557	0.017848	0.033833	0.052612	0.070119
69500	0.037393	0.025809	782	0.006318	0.017817	0.033970	0.052995	0.070575
69600	0.037340	0.025829	782	0.006214	0.017882	0.034165	0.052483	0.071006
69700	0.037283	0.025857	782	0.006269	0.017627	0.034177	0.052756	0.070878
69800	0.037235	0.025899	782	0.006323	0.017655	0.033893	0.052900	0.071355
69900	0.037185	0.025937	782	0.006185	0.017474	0.033784	0.052283	0.071518
70000	0.037135	0.025973	782	0.006347	0.017601	0.033794	0.052921	0.071418
70100	0.037117	0.025965	781	0.006419	0.017464	0.033498	0.052667	0.071610
70200	0.037075	0.025992	780	0.006311	0.017384	0.033588	0.052797	0.071040
70300	0.037007	0.025997	780	0.006187	0.017280	0.033264	0.052413	0.070767
70400	0.036947	0.025986	780	0.005818	0.017556	0.033532	0.052001	0.070647
70500	0.036877	0.025968	780	0.005717	0.017443	0.033387	0.051771	0.070309
70600	0.036794	0.025939	780	0.005696	0.017458	0.032938	0.051556	0.070605
70700	0.036717	0.025925	780	0.005671	0.016971	0.032988	0.051228	0.070724
70800	0.036649	0.025915	780	0.005605	0.016903	0.033137	0.050888	0.070179
70900	0.036613	0.025916	780	0.005549	0.016746	0.033282	0.051113	0.070107
71000	0.036609	0.025898	779	0.005917	0.016638	0.033530	0.051273	0.070367
71100	0.036548	0.025873	779	0.005748	0.016531	0.033119	0.051271	0.071191
71200	0.036470	0.025801	779	0.005847	0.016878	0.032994	0.050935	0.070856
71300	0.036370	0.025690	779	0.005776	0.016823	0.033056	0.050529	0.070151
71400	0.036241	0.025574	779	0.005905	0.016798	0.032880	0.050376	0.069638
71500	0.036106	0.025444	779	0.005863	0.016899	0.032749	0.050263	0.069605
71600	0.035991	0.025341	779	0.006047	0.017119	0.032681	0.050047	0.069864
71700	0.035885	0.025251	779	0.005929	0.017013	0.032605	0.049936	0.070174
71800	0.035784	0.025170	779	0.005862	0.017147	0.032252	0.049257	0.069844
71900	0.035694	0.025089	779	0.006027	0.017120	0.032465	0.049467	0.069400
72000	0.035624	0.025026	779	0.005674	0.016930	0.032354	0.049394	0.069302
72100	0.035556	0.024964	779	0.005944	0.016440	0.032171	0.049202	0.069157
72200	0.035490	0.024917	779	0.005933	0.016417	0.032168	0.049394	0.068595
72300	0.035406	0.024847	779	0.006073	0.016285	0.031932	0.049204	0.068420
72400	0.035310	0.024749	779	0.005819	0.016153	0.031724	0.049621	0.068343
72500	0.035205	0.024634	779	0.006033	0.015836	0.031846	0.049226	0.067856
72600	0.035084	0.024526	779	0.006030	0.015941	0.031522	0.049109	0.067681
72700	0.034966	0.024456	779	0.006105	0.016079	0.031412	0.049041	0.067939
72800	0.034875	0.024405	779	0.005961	0.016048	0.031300	0.049355	0.068333
72900	0.034782	0.024363	779	0.005872	0.015612	0.031349	0.049133	0.068247
73000	0.034684	0.024331	779	0.005886	0.015188	0.031095	0.049423	0.067461
73100	0.034618	0.024318	779	0.005693	0.015478	0.030979	0.049209	0.066323
73200	0.034607	0.024299	778	0.005885	0.015462	0.030901	0.049222	0.066104
73300	0.034548	0.024274	778	0.005987	0.015524	0.030873	0.048580	0.065563
73400	0.034486	0.024245	778	0.006059	0.015228	0.031214	0.048126	0.066178
73500	0.034466	0.024194	777	0.006291	0.015416	0.031215	0.047964	0.066460
73600	0.034416	0.024162	777	0.006195	0.015543	0.030905	0.047831	0.066507
73700	0.034380	0.024146	777	0.006064	0.015657	0.030721	0.048352	0.066497
73800	0.034311	0.024107	777	0.006152	0.015407	0.030815	0.048006	0.066432
73900	0.034214	0.024037	777	0.006096	0.015272	0.030919	0.048066	0.066215
74000	0.034158	0.023957	776	0.005948	0.015312	0.030674	0.047664	0.066560
74100	0.034052	0.023861	776	0.005994	0.015237	0.030842	0.047510	0.066566
74200	0.033990	0.023748	775	0.006333	0.014996	0.030779	0.047335	0.066318
74300	0.033949	0.023653	774	0.006394	0.015064	0.030975	0.047013	0.065976
74400	0.033849	0.023560	774	0.006276	0.015234	0.030841	0.046789	0.066010
74500	0.033734	0.023451	774	0.006179	0.015118	0.030718	0.046566	0.065619
74600	0.033622	0.023362	774	0.006045	0.015091	0.030324	0.046590	0.065686
74700	0.033500	0.023265	774	0.006011	0.015365	0.030062	0.046270	0.065375
74800	0.033383	0.023194	774	0.006059	0.015390	0.029894	0.046375	0.065514
74900	0.033283	0.023132	774	0.006045	0.015335	0.029713	0.046707	0.064975
75000	0.033211	0.023055	774	0.006129	0.015327	0.029920	0.046958	0.064729
75100	0.033137	0.022964	774	0.006009	0.015149	0.030157	0.046459	0.064279
75200	0.033116	0.022861	773	0.005974	0.015256	0.030108	0.046518	0.064528
75300	0.033054	0.022761	773	0.005755	0.015211	0.029991	0.046648	0.064663
75400	0.032986	0.022657	773	0.005996	0.015291	0.029968	0.046953	0.064715
75500	0.032909	0.022563	773	0.005861	0.015088	0.029795	0.046620	0.064321
75600	0.032805	0.022464	773	0.005913	0.014878	0.029736	0.046279	0.063994
75700	0.032707	0.022376	773	0.005873	0.015026	0.029479	0.045873	0.063438
75800	0.032598	0.022293	773	0.006081	0.014951	0.029356	0.045756	0.062869
75900	0.032504	0.022218	773	0.005957	0.014876	0.029123	0.045671	0.062863
76000	0.032397	0.022114	773	0.006031	0.014854	0.029058	0.045509	0.062657
76100	0.032297	0.022035	773	0.005831	0.015286	0.028661	0.045353	0.061632
76200	0.032201	0.021963	773	0.005796	0.015097	0.028551	0.044812	0.061708
76300	0.032098	0.021878	773	0.005698	0.015320	0.029005	0.044884	0.061245
76400	0.031997	0.021821	773	0.005529	0.015115	0.028921	0.044709	0.060923
76500	0.031914	0.021793	773	0.005387	0.014908	0.029082	0.044767	0.060488
76600	0.031851	0.021787	773	0.005349	0.014976	0.028931	0.044800	0.060767
76700	0.031801	0.021764	773	0.005415	0.015127	0.028923	0.043993	0.060198
76800	0.031751	0.021753	773	0.005519	0.014928	0.028984	0.043906	0.060369
76900	0.031691	0.021707	773	0.005670	0.014842	0.028879	0.043852	0.059673
77000	0.031625	0.021667	773	0.005672	0.015006	0.028721	0.044019	0.059325
77100	0.031574	0.021626	773	0.005417	0.014935	0.028752	0.044203	0.059245
77200	0.031576	0.021575	772	0.005383	0.014966	0.028668	0.044645	0.059453
77300	0.031523	0.021504	772	0.005601	0.015054	0.028815	0.044636	0.059747
77400	0.031483	0.021421	772	0.005870	0.015023	0.028883	0.044863	0.060184
77500	0.031440	0.021340	772	0.005922	0.015068	0.028848	0.044783	0.060555
77600	0.031436	0.021257	771	0.005902	0.014964	0.029070	0.044659	0.060965
77700	0.031407	0.021177	771	0.005714	0.015051	0.028843	0.044330	0.060816
77800	0.031376	0.021104	771	0.005661	0.015085	0.028761	0.044247	0.060698
77900	0.031414	0.021030	769	0.005723	0.015083	0.028719	0.044846	0.060895
78000	0.031417	0.020977	768	0.005722	0.014955	0.028539	0.045259	0.060824
78100	0.031374	0.020954	768	0.005510	0.014792	0.028619	0.045105	0.060717
78200	0.031328	0.020928	768	0.005761	0.014643	0.028544	0.045100	0.060673
78300	0.031266	0.020898	768	0.005585	0.014773	0.028385	0.045292	0.060862
78400	0.031195	0.020881	768	0.005468	0.014619	0.028228	0.045325	0.060889
78500	0.031105	0.020864	768	0.005446	0.014575	0.028341	0.045542	0.060999
78600	0.030998	0.020859	768	0.005502	0.014326	0.028592	0.044974	0.060844
78700	0.030895	0.020845	768	0.005409	0.014232	0.028076	0.044905	0.060757
78800	0.030840	0.020810	767	0.005476	0.014304	0.028297	0.044735	0.060847
78900	0.030744	0.020797	767	0.005287	0.014264	0.028172	0.044382	0.060383
79000	0.030636	0.020792	767	0.005251	0.014084	0.027841	0.044342	0.060551
79100	0.030532	0.020790	767	0.005073	0.013716	0.027885	0.044102	0.060727
79200	0.030432	0.020806	767	0.005016	0.013795	0.027975	0.044232	0.060099
79300	0.030346	0.020836	767	0.004915	0.013565	0.027718	0.044191	0.060282
79400	0.030274	0.020868	767	0.004900	0.013467	0.027603	0.044076	0.059766
79500	0.030200	0.020873	767	0.004647	0.013541	0.027347	0.043920	0.059958
79600	0.030138	0.020894	767	0.004648	0.013496	0.027116	0.043586	0.059602
79700	0.030077	0.020914	767	0.004445	0.013393	0.026750	0.043347	0.058693
79800	0.030011	0.020941	767	0.004449	0.013405	0.026242	0.043464	0.058206
79900	0.029943	0.020945	767	0.004541	0.013225	0.026013	0.043250	0.058307
80000	0.029882	0.020945	767	0.004545	0.013157	0.025852	0.043224	0.058487
80100	0.029822	0.020933	767	0.004572	0.012733	0.025837	0.043184	0.057783
80200	0.029778	0.020909	767	0.004546	0.012643	0.025957	0.043305	0.057711
80300	0.029735	0.020890	767	0.004491	0.012568	0.026109	0.043335	0.057836
80400	0.029677	0.020875	767	0.004436	0.012518	0.026598	0.043238	0.057405
80500	0.029645	0.020853	766	0.004449	0.012869	0.026567	0.043213	0.056915
80600	0.029566	0.020859	766	0.004242	0.012636	0.026339	0.043244	0.057050
80700	0.029525	0.020867	765	0.004307	0.012731	0.026591	0.042971	0.057603
80800	0.029463	0.020883	765	0.004323	0.012954	0.026250	0.042820	0.057774
80900	0.029387	0.020896	765	0.004268	0.013042	0.026184	0.042599	0.057074
81000	0.029311	0.020916	765	0.004158	0.012955	0.026207	0.042071	0.057750
81100	0.029220	0.020924	765	0.004026	0.012681	0.026218	0.042076	0.057562
81200	0.029126	0.020910	765	0.004014	0.012636	0.026101	0.041800	0.058001
81300	0.029051	0.020897	765	0.004075	0.012608	0.025927	0.041940	0.058004
81400	0.028982	0.020887	765	0.004009	0.012412	0.025820	0.042102	0.057976
81500	0.028917	0.020874	765	0.004139	0.011941	0.025529	0.041779	0.058041
81600	0.028869	0.020866	765	0.004295	0.011772	0.025370	0.041942	0.058171
81700	0.028822	0.020862	765	0.004253	0.011693	0.025248	0.041614	0.058043
81800	0.028781	0.020835	765	0.004302	0.011703	0.025126	0.041499	0.058045
81900	0.028739	0.020796	765	0.004372	0.011880	0.025004	0.041669	0.057898
82000	0.028698	0.020760	765	0.004463	0.012147	0.024890	0.041097	0.057901
82100	0.028662	0.020719	765	0.004311	0.012208	0.024863	0.041149	0.057889
82200	0.028638	0.020687	765	0.004077	0.011746	0.024947	0.041254	0.057225
82300	0.028599	0.020640	765	0.003844	0.011997	0.025429	0.041460	0.056988
82400	0.028531	0.020579	765	0.003901	0.011789	0.025500	0.041610	0.056803
82500	0.028470	0.020529	765	0.003804	0.011735	0.025823	0.041432	0.056941
82600	0.028443	0.020502	764	0.003763	0.011510	0.025881	0.041491	0.056821
82700	0.028401	0.020466	764	0.003849	0.011286	0.026070	0.041374	0.056831
82800	0.028348	0.020434	764	0.003598	0.011258	0.025876	0.041350	0.057019
82900	0.028294	0.020409	764	0.003988	0.011140	0.025877	0.041489	0.057120
83000	0.028234	0.020387	764	0.003744	0.011094	0.026152	0.041589	0.057304
83100	0.028173	0.020369	764	0.003687	0.011295	0.025669	0.041545	0.057208
83200	0.028116	0.020346	764	0.003672	0.011044	0.025767	0.041101	0.056864
83300	0.028046	0.020316	764	0.003539	0.011401	0.025559	0.040848	0.056827
83400	0.027969	0.020268	764	0.003473	0.011480	0.025183	0.040769	0.056463
83500	0.027924	0.020201	763	0.003374	0.011389	0.025092	0.040446	0.055931
83600	0.027856	0.020136	763	0.003330	0.011506	0.024736	0.039702	0.056081
83700	0.027809	0.020039	762	0.003276	0.011581	0.024617	0.039284	0.056121
83800	0.027720	0.019969	762	0.003333	0.011634	0.024363	0.039216	0.056458
83900	0.027644	0.019903	762	0.003299	0.011790	0.023808	0.039230	0.056500
84000	0.027573	0.019850	762	0.003463	0.011517	0.023879	0.039296	0.057236
84100	0.027509	0.019818	762	0.003345	0.011444	0.023837	0.039191	0.057828
84200	0.027451	0.019800	762	0.003259	0.011404	0.023955	0.039021	0.057528
84300	0.027404	0.019809	762	0.003489	0.011489	0.024018	0.039647	0.057305
84400	0.027355	0.019832	762	0.003534	0.011426	0.024011	0.039793	0.056672
84500	0.027315	0.019852	762	0.003617	0.011375	0.023847	0.039522	0.056038
84600	0.027295	0.019865	762	0.003600	0.011058	0.023543	0.039446	0.056074
84700	0.027269	0.019888	762	0.003936	0.011222	0.023405	0.039637	0.056268
84800	0.027253	0.019916	762	0.003788	0.011539	0.023052	0.039690	0.056836
84900	0.027233	0.019937	762	0.003726	0.011610	0.023169	0.039697	0.056652
85000	0.027212	0.019956	762	0.003774	0.011781	0.023240	0.039646	0.056939
85100	0.027189	0.019957	762	0.003718	0.012031	0.023029	0.039674	0.056625
85200	0.027198	0.019956	761	0.003814	0.012023	0.023067	0.039401	0.056849
85300	0.027177	0.019979	761	0.003954	0.012038	0.023240	0.039264	0.056381
85400	0.027160	0.019999	761	0.003934	0.011939	0.023411	0.039318	0.056056
85500	0.027121	0.020005	761	0.003487	0.011821	0.023205	0.039027	0.055821
85600	0.027075	0.020003	761	0.003486	0.011785	0.023262	0.038737	0.055218
85700	0.027027	0.019981	761	0.003757	0.011660	0.023218	0.038446	0.055165
85800	0.026963	0.019953	761	0.003563	0.011587	0.023164	0.038211	0.054868
85900	0.026907	0.019937	761	0.003522	0.011515	0.023257	0.038300	0.054375
86000	0.026861	0.019920	761	0.003565	0.011474	0.023276	0.038607	0.054322
86100	0.026825	0.019906	761	0.003624	0.011370	0.023503	0.038753	0.054191
86200	0.026801	0.019900	761	0.003633	0.011101	0.023404	0.039048	0.054235
86300	0.026790	0.019916	761	0.003490	0.011067	0.023501	0.039006	0.053999
86400	0.026779	0.019951	761	0.003618	0.011155	0.023394	0.038586	0.054594
86500	0.026782	0.019980	761	0.003686	0.011343	0.023441	0.038526	0.054393
86600	0.026763	0.019987	761	0.003588	0.011404	0.023430	0.038797	0.053978
86700	0.026730	0.019988	761	0.003634	0.011315	0.023279	0.038721	0.054080
86800	0.026688	0.019994	761	0.003468	0.011168	0.023181	0.038922	0.053219
86900	0.026633	0.019997	761	0.003441	0.010846	0.022912	0.038820	0.052977
87000	0.026571	0.019982	761	0.003380	0.010921	0.022770	0.038677	0.053401
87100	0.026507	0.019954	761	0.003440	0.010920	0.022645	0.038312	0.052828
87200	0.026444	0.019929	761	0.003280	0.010891	0.022652	0.038144	0.053371
87300	0.026382	0.019908	761	0.003235	0.010799	0.022366	0.037704	0.053259
87400	0.026327	0.019878	761	0.003270	0.010784	0.022695	0.037998	0.053600
87500	0.026261	0.019841	761	0.003342	0.010727	0.022478	0.037539	0.053589
87600	0.026180	0.019802	761	0.003380	0.010912	0.022417	0.037594	0.053848
87700	0.026099	0.019769	761	0.003287	0.010959	0.022279	0.037281	0.053520
87800	0.026021	0.019746	761	0.003326	0.010629	0.021917	0.037289	0.053290
87900	0.025960	0.019717	761	0.003305	0.010435	0.022114	0.036698	0.052729
88000	0.025907	0.019701	761	0.003355	0.010273	0.021988	0.036324	0.052577
88100	0.025857	0.019699	761	0.003284	0.010281	0.021845	0.036580	0.052203
88200	0.025805	0.019706	761	0.003254	0.010216	0.021738	0.036671	0.052341
88300	0.025749	0.019717	761	0.003221	0.009939	0.021705	0.036669	0.052525
88400	0.025693	0.019727	761	0.003082	0.010022	0.021513	0.036807	0.052231
88500	0.025668	0.019693	760	0.003250	0.009950	0.021337	0.036677	0.051901
88600	0.025619	0.019663	760	0.003153	0.009952	0.021565	0.036283	0.052247
88700	0.025569	0.019635	760	0.003140	0.009971	0.021561	0.036400	0.052409
88800	0.025516	0.019594	760	0.003203	0.009954	0.021801	0.036819	0.051901
88900	0.025493	0.019539	759	0.003278	0.009944	0.021510	0.037320	0.052290
89000	0.025435	0.019501	759	0.003212	0.009881	0.021761	0.037468	0.052193
89100	0.025373	0.019455	759	0.003263	0.009918	0.021698	0.037319	0.052418
89200	0.025351	0.019377	758	0.003201	0.010079	0.021759	0.037063	0.052253
89300	0.025301	0.019333	758	0.003277	0.010001	0.021745	0.036966	0.051798
89400	0.025247	0.019295	758	0.003361	0.010030	0.021886	0.037122	0.051350
89500	0.025212	0.019255	757	0.003236	0.009833	0.021967	0.037102	0.051170
89600	0.025162	0.019247	757	0.003210	0.009772	0.021791	0.036669	0.050696
89700	0.025107	0.019238	757	0.003159	0.009758	0.021665	0.036570	0.050174
89800	0.025067	0.019224	756	0.003027	0.009737	0.021588	0.036811	0.050260
89900	0.025006	0.019222	756	0.002951	0.009611	0.021424	0.037084	0.050190
90000	0.024942	0.019216	756	0.003066	0.009687	0.021460	0.036675	0.050016
90100	0.024873	0.019215	756	0.003180	0.009568	0.020748	0.036688	0.050099
90200	0.024809	0.019207	756	0.003199	0.009596	0.020677	0.035957	0.049066
90300	0.024757	0.019201	756	0.003061	0.009345	0.020803	0.036377	0.049195
90400	0.024710	0.019203	756	0.002976	0.009472	0.020364	0.036363	0.049789
90500	0.024672	0.019203	756	0.002781	0.009430	0.020485	0.036327	0.049979
90600	0.024640	0.019195	756	0.002594	0.009463	0.020512	0.036165	0.049880
90700	0.024605	0.019185	756	0.002591	0.009463	0.020539	0.036198	0.050191
90800	0.024633	0.019126	754	0.002562	0.009343	0.020332	0.036428	0.050081
90900	0.024575	0.019069	754	0.002585	0.009410	0.020421	0.036462	0.050243
91000	0.024517	0.018991	754	0.002654	0.009446	0.020525	0.036343	0.049859
91100	0.024446	0.018895	754	0.002657	0.009509	0.020513	0.036079	0.049809
91200	0.024359	0.018797	754	0.002654	0.009674	0.020560	0.035830	0.049919
91300	0.024266	0.018718	754	0.002711	0.009483	0.020644	0.035968	0.049600
91400	0.024190	0.018643	754	0.002721	0.009430	0.020547	0.035448	0.049194
91500	0.024117	0.018581	754	0.002664	0.009404	0.020663	0.035421	0.048604
91600	0.024076	0.018498	753	0.002530	0.009487	0.020702	0.035670	0.048696
91700	0.023998	0.018431	753	0.002522	0.009323	0.020642	0.035469	0.048540
91800	0.023936	0.018367	753	0.002729	0.009116	0.020557	0.035523	0.048733
91900	0.023881	0.018310	753	0.002958	0.009122	0.020714	0.035395	0.048672
92000	0.023834	0.018253	753	0.003000	0.009112	0.020546	0.035223	0.048760
92100	0.023796	0.018197	753	0.002980	0.009257	0.020524	0.034677	0.049202
92200	0.023777	0.018154	753	0.002841	0.009234	0.020405	0.034552	0.049193
92300	0.023760	0.018115	753	0.002754	0.009287	0.020082	0.034675	0.049667
92400	0.023743	0.018072	753	0.003125	0.009240	0.020067	0.034511	0.050140
92500	0.023733	0.018027	753	0.003179	0.009250	0.020240	0.034293	0.049612
92600	0.023722	0.017998	753	0.002976	0.009199	0.020278	0.034638	0.049128
92700	0.023711	0.017972	753	0.002786	0.009310	0.020484	0.034689	0.048993
92800	0.023684	0.017938	753	0.002770	0.009202	0.020474	0.034196	0.049512
92900	0.023652	0.017917	753	0.002754	0.009257	0.020339	0.033655	0.049478
93000	0.023624	0.017903	753	0.002739	0.009440	0.020525	0.033548	0.049242
93100	0.023599	0.017898	753	0.002785	0.009149	0.020383	0.033710	0.048571
93200	0.023570	0.017907	753	0.002671	0.008978	0.020234	0.033337	0.048494
93300	0.023536	0.017931	753	0.002497	0.008881	0.020536	0.033391	0.048281
93400	0.023494	0.017964	753	0.002495	0.008963	0.020677	0.033347	0.048847
93500	0.023455	0.018006	753	0.002361	0.008643	0.020574	0.033305	0.049205
93600	0.023442	0.018025	752	0.002560	0.008798	0.020485	0.033526	0.049299
93700	0.023408	0.018063	752	0.002612	0.008867	0.020531	0.033545	0.048709
93800	0.023376	0.018109	752	0.002426	0.009041	0.020506	0.033398	0.049099
93900	0.023327	0.018139	752	0.002402	0.009051	0.020265	0.033583	0.049743
94000	0.023269	0.018155	752	0.002358	0.008922	0.020450	0.033443	0.049469
94100	0.023270	0.018162	750	0.002252	0.008898	0.020493	0.032896	0.048749
94200	0.023211	0.018164	750	0.002177	0.008727	0.020452	0.032740	0.048359
94300	0.023191	0.018133	749	0.002113	0.008652	0.020185	0.032254	0.048566
94400	0.023135	0.018104	749	0.002251	0.008753	0.020179	0.032275	0.049166
94500	0.023081	0.018072	749	0.002181	0.008995	0.020030	0.032073	0.049236
94600	0.023029	0.018026	749	0.002174	0.008955	0.020175	0.031900	0.048914
94700	0.023005	0.017980	748	0.002127	0.009056	0.020253	0.031652	0.048271
94800	0.022980	0.017946	747	0.002180	0.009157	0.020047	0.031542	0.048742
94900	0.022944	0.017913	747	0.002359	0.009050	0.020009	0.031687	0.048898
95000	0.022901	0.017898	747	0.002302	0.009018	0.019713	0.031778	0.049063
95100	0.022891	0.017878	746	0.002419	0.009017	0.019757	0.031907	0.048760
95200	0.022855	0.017862	746	0.002459	0.008780	0.019550	0.032068	0.048669
95300	0.022820	0.017849	746	0.002324	0.008457	0.019613	0.032359	0.048573
95400	0.022796	0.017847	746	0.002258	0.008449	0.019544	0.032723	0.048370
95500	0.022782	0.017853	745	0.002087	0.008447	0.019450	0.032926	0.047929
95600	0.022737	0.017868	745	0.002098	0.008322	0.019463	0.033196	0.047753
95700	0.022677	0.017875	745	0.002230	0.008159	0.019413	0.032926	0.047294
95800	0.022622	0.017889	745	0.002182	0.008168	0.019174	0.032734	0.047498
95900	0.022568	0.017901	745	0.002164	0.008224	0.019142	0.032547	0.047712
96000	0.022516	0.017917	745	0.002249	0.007919	0.018981	0.032758	0.048148
96100	0.022464	0.017940	745	0.002250	0.007876	0.018812	0.032743	0.048140
96200	0.022423	0.017969	745	0.002074	0.007828	0.018596	0.033063	0.048170
96300	0.022382	0.017986	745	0.002034	0.007896	0.018640	0.032908	0.048138
96400	0.022344	0.017993	745	0.001973	0.008107	0.018527	0.032841	0.047816
96500	0.022303	0.017997	745	0.001787	0.008129	0.018503	0.032515	0.047530
96600	0.022300	0.017997	744	0.001923	0.008067	0.018373	0.032556	0.047340
96700	0.022251	0.017967	744	0.001825	0.007920	0.018484	0.032308	0.047051
96800	0.022206	0.017940	744	0.001910	0.007945	0.018608	0.032266	0.047267
96900	0.022205	0.017894	742	0.002015	0.007955	0.018703	0.032359	0.047405
97000	0.022143	0.017857	742	0.001920	0.007945	0.018545	0.032657	0.047047
97100	0.022092	0.017823	742	0.001790	0.007928	0.018301	0.032614	0.047089
97200	0.022045	0.017789	742	0.001877	0.008054	0.018058	0.032483	0.046803
97300	0.022030	0.017762	741	0.001866	0.008204	0.018109	0.032364	0.047029
97400	0.022015	0.017738	740	0.001885	0.008340	0.018091	0.032017	0.047294
97500	0.022014	0.017717	739	0.001928	0.008422	0.018380	0.032489	0.046836
97600	0.022007	0.017698	738	0.002082	0.008635	0.018174	0.032326	0.046438
97700	0.021967	0.017684	738	0.002199	0.008387	0.017965	0.031959	0.046963
97800	0.021928	0.017672	738	0.002245	0.008240	0.017873	0.031954	0.046847
97900	0.021875	0.017647	738	0.002316	0.008238	0.017880	0.032001	0.046960
98000	0.021816	0.017622	738	0.002208	0.008217	0.017987	0.031702	0.046974
98100	0.021764	0.017595	738	0.002185	0.008012	0.017800	0.031545	0.047130
98200	0.021729	0.017549	738	0.002036	0.008012	0.017889	0.031591	0.046700
98300	0.021690	0.017490	738	0.002132	0.008122	0.018043	0.031741	0.046268
98400	0.021651	0.017430	738	0.002125	0.008189	0.017947	0.031699	0.046356
98500	0.021653	0.017370	737	0.002112	0.008266	0.017985	0.031516	0.046473
98600	0.021655	0.017313	736	0.002215	0.008337	0.017918	0.031449	0.046267
98700	0.021668	0.017260	734	0.002136	0.008504	0.017814	0.031321	0.046262
98800	0.021611	0.017215	734	0.002003	0.008411	0.017784	0.031086	0.045434
98900	0.021581	0.017162	733	0.002020	0.008252	0.017690	0.030691	0.045184
99000	0.021524	0.017109	733	0.002072	0.008200	0.017492	0.030618	0.045353
99100	0.021468	0.017054	733	0.002153	0.008130	0.017604	0.030724	0.045347
99200	0.021428	0.016995	732	0.002114	0.008157	0.017818	0.030679	0.044987
99300	0.021363	0.016951	732	0.002028	0.008074	0.017789	0.030743	0.044855
99400	0.021311	0.016912	732	0.002136	0.008022	0.017727	0.030857	0.044597
99500	0.021282	0.016888	732	0.002180	0.007930	0.017702	0.030425	0.044347
99600	0.021257	0.016869	732	0.002002	0.007950	0.017793	0.030623	0.044256
99700	0.021228	0.016839	732	0.002109	0.007965	0.017713	0.030857	0.044151
99800	0.021199	0.016811	732	0.002043	0.007881	0.017612	0.031290	0.044075
99900	0.021194	0.016801	731	0.001991	0.007739	0.017816	0.031358	0.044778
100000	0.021199	0.016788	730	0.002141	0.007725	0.017616	0.031243	0.044815
