dist	ua18_roads_av	ua18_roads_stdev	count	10%quant	25%quant	50%quant	75%quant	90%quant
0	0.000000	0.000000	786	0.000000	0.000000	0.000000	0.000000	0.000000
100	0.012020	0.012358	786	0.003948	0.005591	0.008110	0.013385	0.023769
200	0.023957	0.023892	786	0.007895	0.011182	0.016220	0.026770	0.047538
300	0.035708	0.034243	786	0.011843	0.016773	0.024329	0.040155	0.071307
400	0.047040	0.042926	786	0.015790	0.022364	0.032439	0.053540	0.095077
500	0.057309	0.048077	786	0.019738	0.027956	0.040549	0.066925	0.118846
600	0.066724	0.051290	786	0.023686	0.033547	0.048659	0.080310	0.142332
700	0.075636	0.054271	786	0.027633	0.039138	0.056769	0.093695	0.156103
800	0.084037	0.056588	786	0.031581	0.044729	0.064878	0.105960	0.167884
900	0.091638	0.057658	786	0.035528	0.050320	0.072977	0.117895	0.182890
1000	0.098439	0.058039	786	0.039476	0.055911	0.081085	0.127190	0.184670
1100	0.104734	0.058558	786	0.043424	0.061408	0.089077	0.137816	0.186716
1200	0.110391	0.058400	786	0.047126	0.066991	0.096502	0.145378	0.190031
1300	0.115328	0.057654	786	0.051435	0.072574	0.102862	0.150457	0.190873
1400	0.119628	0.056541	786	0.055392	0.077683	0.108788	0.156651	0.195219
1500	0.123451	0.055488	786	0.059348	0.081321	0.115034	0.160191	0.197955
1600	0.126825	0.054497	786	0.063436	0.085435	0.118994	0.163342	0.198131
1700	0.129686	0.053527	786	0.067401	0.088668	0.122247	0.164559	0.202323
1800	0.132081	0.052751	786	0.069961	0.092355	0.126794	0.165270	0.203991
1900	0.134053	0.051874	786	0.072481	0.095253	0.127237	0.166206	0.202483
2000	0.135400	0.050854	786	0.075659	0.097407	0.128968	0.167716	0.204896
2100	0.136312	0.049852	786	0.077711	0.099592	0.130888	0.168034	0.200209
2200	0.137028	0.049042	786	0.078589	0.101459	0.131923	0.168754	0.201874
2300	0.137552	0.048505	786	0.079056	0.102777	0.132343	0.168975	0.202123
2400	0.138072	0.048356	786	0.081291	0.103329	0.132826	0.168230	0.199591
2500	0.138448	0.048439	786	0.081018	0.104127	0.132583	0.166769	0.201059
2600	0.138613	0.048228	786	0.081592	0.104314	0.132926	0.167247	0.199488
2700	0.138595	0.047898	786	0.082256	0.104787	0.133219	0.167660	0.199721
2800	0.138532	0.047607	786	0.082760	0.104369	0.133189	0.167859	0.198739
2900	0.138279	0.047184	786	0.082749	0.105624	0.132739	0.168416	0.198537
3000	0.137808	0.046582	786	0.081573	0.104941	0.132538	0.167907	0.196953
3100	0.137347	0.046246	786	0.082562	0.104023	0.132671	0.166702	0.197612
3200	0.136929	0.046090	786	0.082447	0.103648	0.132805	0.165187	0.197863
3300	0.136425	0.045800	786	0.081767	0.103824	0.132872	0.164096	0.197288
3400	0.135962	0.045588	786	0.082211	0.103371	0.131541	0.165091	0.195770
3500	0.135618	0.045457	786	0.081348	0.103427	0.132878	0.164758	0.194128
3600	0.135216	0.045247	786	0.080869	0.102540	0.131736	0.164646	0.193111
3700	0.134873	0.045086	786	0.081763	0.102396	0.131819	0.163295	0.191610
3800	0.134598	0.044973	786	0.081133	0.101543	0.131191	0.162418	0.192179
3900	0.134427	0.044929	786	0.080729	0.101445	0.130787	0.161198	0.192965
4000	0.134183	0.044754	786	0.080697	0.102038	0.131248	0.161351	0.190970
4100	0.133886	0.044538	786	0.080507	0.101954	0.129945	0.161071	0.192555
4200	0.133620	0.044449	786	0.080435	0.102453	0.130347	0.160105	0.193092
4300	0.133375	0.044369	786	0.080261	0.101795	0.130037	0.161026	0.193243
4400	0.133228	0.044391	786	0.079757	0.101745	0.130081	0.160067	0.192526
4500	0.133085	0.044347	786	0.079225	0.102025	0.130028	0.160276	0.191923
4600	0.132883	0.044260	786	0.079178	0.102120	0.129147	0.158949	0.192031
4700	0.132502	0.044064	786	0.079500	0.102013	0.128355	0.158984	0.193181
4800	0.132079	0.043776	786	0.079830	0.101951	0.128546	0.157302	0.193425
4900	0.131625	0.043507	786	0.080022	0.101501	0.127756	0.156414	0.192087
5000	0.131335	0.043335	786	0.079839	0.100840	0.127431	0.157483	0.191942
5100	0.131046	0.043117	786	0.078842	0.100347	0.127934	0.157463	0.187303
5200	0.130595	0.042777	786	0.079224	0.100152	0.127143	0.157167	0.186140
5300	0.130041	0.042409	786	0.077682	0.099417	0.126399	0.156930	0.184771
5400	0.129481	0.042019	786	0.077830	0.099629	0.125777	0.156754	0.183400
5500	0.128856	0.041617	786	0.075895	0.098767	0.124993	0.155111	0.182546
5600	0.128280	0.041240	786	0.076757	0.098392	0.124827	0.154394	0.180601
5700	0.127803	0.040945	786	0.077363	0.098281	0.125302	0.153834	0.179323
5800	0.127407	0.040765	786	0.077918	0.097855	0.124438	0.153321	0.180606
5900	0.126972	0.040567	786	0.077826	0.097549	0.123406	0.152957	0.180051
6000	0.126529	0.040348	786	0.078193	0.097823	0.124279	0.152077	0.179750
6100	0.126085	0.040155	786	0.077498	0.097735	0.122907	0.151405	0.178976
6200	0.125537	0.039976	786	0.077284	0.097814	0.122328	0.151166	0.178760
6300	0.124974	0.039941	786	0.076788	0.096553	0.121683	0.151033	0.178798
6400	0.124394	0.039920	786	0.076133	0.095919	0.121491	0.149225	0.176177
6500	0.123791	0.039776	786	0.076420	0.095706	0.120640	0.148069	0.175902
6600	0.123179	0.039444	786	0.076478	0.095412	0.119780	0.147586	0.172998
6700	0.122580	0.039198	786	0.075624	0.095665	0.120131	0.147305	0.172687
6800	0.122021	0.038961	786	0.074888	0.095173	0.118919	0.145768	0.171712
6900	0.121506	0.038780	786	0.074672	0.094659	0.118030	0.145430	0.171469
7000	0.121084	0.038742	786	0.074609	0.094031	0.117408	0.144947	0.171515
7100	0.120652	0.038799	786	0.073494	0.093561	0.116812	0.144189	0.171380
7200	0.120238	0.038895	786	0.072906	0.092744	0.117143	0.143538	0.171598
7300	0.119774	0.038997	786	0.072820	0.092026	0.116323	0.142783	0.170250
7400	0.119288	0.039144	786	0.072386	0.092189	0.115015	0.142575	0.170374
7500	0.118806	0.039242	786	0.072580	0.091812	0.114669	0.142563	0.168902
7600	0.118250	0.039215	786	0.072265	0.090524	0.113572	0.141269	0.167549
7700	0.117678	0.039139	786	0.071851	0.090541	0.112945	0.140701	0.168151
7800	0.117103	0.039121	786	0.072001	0.088694	0.112796	0.140338	0.168234
7900	0.116620	0.039194	786	0.072286	0.088779	0.111665	0.140069	0.166942
8000	0.116205	0.039288	786	0.071450	0.088221	0.111519	0.139174	0.168172
8100	0.115704	0.039247	786	0.070886	0.087758	0.110079	0.139306	0.167521
8200	0.115126	0.038957	786	0.070249	0.087999	0.110652	0.138403	0.167547
8300	0.114629	0.038682	786	0.069653	0.087423	0.110156	0.138167	0.166453
8400	0.114170	0.038442	786	0.069631	0.087248	0.109730	0.138111	0.164607
8500	0.113635	0.038117	786	0.068726	0.086955	0.109628	0.137145	0.163596
8600	0.113032	0.037773	786	0.068078	0.086497	0.109605	0.136288	0.162268
8700	0.112392	0.037386	786	0.068078	0.086637	0.108997	0.135230	0.160137
8800	0.111747	0.037001	786	0.067903	0.086364	0.108345	0.134268	0.158000
8900	0.111156	0.036642	786	0.067481	0.085430	0.107605	0.134371	0.157576
9000	0.110547	0.036296	786	0.068070	0.084688	0.107191	0.133386	0.156300
9100	0.109919	0.035990	786	0.067347	0.084247	0.106686	0.132371	0.155407
9200	0.109366	0.035717	786	0.066595	0.084127	0.105994	0.130880	0.154594
9300	0.108807	0.035482	786	0.066133	0.083860	0.105090	0.130634	0.154826
9400	0.108281	0.035300	786	0.064933	0.083913	0.105726	0.129852	0.152805
9500	0.107826	0.035202	786	0.064704	0.082703	0.106145	0.129161	0.152403
9600	0.107312	0.034920	786	0.064471	0.082656	0.105403	0.128651	0.151567
9700	0.106737	0.034575	786	0.064680	0.083031	0.104567	0.128845	0.151273
9800	0.106129	0.034278	786	0.064283	0.082484	0.103552	0.128310	0.150953
9900	0.105550	0.034009	786	0.064053	0.081297	0.102601	0.127551	0.150354
10000	0.104917	0.033808	786	0.064219	0.080499	0.101676	0.127295	0.149714
10100	0.104296	0.033633	786	0.063864	0.079326	0.100578	0.126084	0.147223
10200	0.103733	0.033517	786	0.062751	0.078772	0.100593	0.126342	0.147266
10300	0.103195	0.033436	786	0.062241	0.078631	0.099876	0.125745	0.147360
10400	0.102646	0.033293	786	0.062044	0.078922	0.099450	0.125032	0.146744
10500	0.102134	0.033219	786	0.061387	0.078367	0.099216	0.124039	0.146285
10600	0.101587	0.033207	786	0.060610	0.078268	0.098465	0.123363	0.145306
10700	0.100977	0.033154	786	0.059916	0.077563	0.098149	0.121964	0.145019
10800	0.100313	0.033108	786	0.059026	0.077402	0.096844	0.121059	0.144352
10900	0.099681	0.033029	786	0.058412	0.076579	0.096186	0.119193	0.143439
11000	0.099011	0.032753	786	0.058411	0.075898	0.095283	0.118253	0.142933
11100	0.098371	0.032486	786	0.057569	0.075139	0.095392	0.117636	0.142075
11200	0.097742	0.032199	786	0.057665	0.074496	0.095350	0.116887	0.140812
11300	0.097091	0.031849	786	0.057635	0.074099	0.095253	0.115768	0.138901
11400	0.096522	0.031569	786	0.057051	0.073668	0.094745	0.115506	0.137473
11500	0.096047	0.031366	786	0.056748	0.072900	0.094046	0.114662	0.136579
11600	0.095560	0.031129	786	0.057239	0.072230	0.093905	0.114306	0.135065
11700	0.095096	0.030947	786	0.057430	0.072292	0.093546	0.113750	0.136094
11800	0.094628	0.030760	786	0.057574	0.072398	0.092778	0.112564	0.134944
11900	0.094125	0.030526	786	0.057451	0.072256	0.092548	0.112047	0.133380
12000	0.093633	0.030311	786	0.056756	0.071332	0.092023	0.111994	0.134058
12100	0.093115	0.030127	786	0.056594	0.070470	0.091579	0.112109	0.133812
12200	0.092592	0.029957	786	0.056487	0.070298	0.091075	0.112022	0.133761
12300	0.092124	0.029800	786	0.056176	0.069975	0.090329	0.111665	0.133061
12400	0.091665	0.029699	786	0.055737	0.069946	0.089142	0.111206	0.132431
12500	0.091194	0.029621	786	0.055503	0.069743	0.088583	0.109878	0.132001
12600	0.090667	0.029450	786	0.054572	0.069479	0.087671	0.108741	0.130773
12700	0.090113	0.029275	786	0.054474	0.069092	0.086880	0.109192	0.129854
12800	0.089562	0.029165	786	0.054257	0.068675	0.086266	0.108376	0.130169
12900	0.089046	0.029093	786	0.053830	0.068588	0.085610	0.107010	0.129332
13000	0.088575	0.029017	786	0.053685	0.068352	0.084707	0.106465	0.128649
13100	0.088172	0.029019	786	0.052805	0.067956	0.084946	0.106224	0.128528
13200	0.087777	0.029006	786	0.052249	0.067421	0.084659	0.105762	0.128522
13300	0.087438	0.029015	786	0.052487	0.066924	0.084112	0.105062	0.128104
13400	0.087159	0.029047	786	0.052092	0.066399	0.083798	0.103854	0.128114
13500	0.086841	0.029119	786	0.051371	0.066359	0.083367	0.103216	0.127972
13600	0.086458	0.029144	786	0.050850	0.065879	0.083649	0.103564	0.127252
13700	0.086102	0.029149	786	0.050425	0.065436	0.083201	0.103759	0.126203
13800	0.085729	0.029173	786	0.049964	0.065420	0.082895	0.103597	0.125124
13900	0.085345	0.029243	786	0.049675	0.064647	0.082359	0.103119	0.125239
14000	0.084933	0.029281	786	0.049568	0.064360	0.081439	0.102356	0.124470
14100	0.084491	0.029296	786	0.049333	0.063726	0.081177	0.102026	0.124123
14200	0.084024	0.029267	786	0.048677	0.063566	0.080479	0.101903	0.122621
14300	0.083546	0.029044	786	0.048724	0.063198	0.080155	0.100351	0.122486
14400	0.083112	0.028851	786	0.048898	0.063000	0.079443	0.099612	0.121958
14500	0.082649	0.028637	786	0.048700	0.062735	0.079333	0.098905	0.121892
14600	0.082155	0.028433	786	0.048104	0.062124	0.079378	0.098215	0.120651
14700	0.081631	0.028238	786	0.047715	0.062384	0.078885	0.097946	0.120491
14800	0.081107	0.028042	786	0.047345	0.061662	0.078144	0.097633	0.119864
14900	0.080561	0.027816	786	0.047015	0.061171	0.077628	0.096782	0.118940
15000	0.080050	0.027610	786	0.046734	0.061323	0.076208	0.096199	0.118062
15100	0.079519	0.027432	786	0.046316	0.061008	0.076177	0.095617	0.117311
15200	0.078961	0.027249	786	0.045697	0.060871	0.075860	0.094340	0.116639
15300	0.078411	0.027084	786	0.045392	0.060401	0.075994	0.093786	0.115350
15400	0.077838	0.026892	786	0.045338	0.060252	0.075249	0.093870	0.114296
15500	0.077239	0.026716	786	0.044195	0.059553	0.074912	0.093558	0.112685
15600	0.076678	0.026567	786	0.043859	0.058854	0.074479	0.092827	0.111599
15700	0.076139	0.026410	786	0.043632	0.058804	0.074203	0.091849	0.111504
15800	0.075697	0.026307	786	0.043367	0.058208	0.073626	0.091302	0.110852
15900	0.075285	0.026220	786	0.043131	0.057821	0.073212	0.090741	0.109271
16000	0.074927	0.026139	786	0.042652	0.057316	0.073207	0.090395	0.107658
16100	0.074540	0.026008	786	0.042428	0.056856	0.072223	0.089428	0.107727
16200	0.074176	0.025864	786	0.042599	0.057043	0.071879	0.088646	0.107497
16300	0.073822	0.025695	786	0.042363	0.057001	0.071205	0.088513	0.105944
16400	0.073498	0.025552	786	0.042290	0.056453	0.070704	0.088344	0.105551
16500	0.073157	0.025432	786	0.041844	0.055906	0.070377	0.087707	0.105184
16600	0.072794	0.025284	786	0.041687	0.055952	0.069910	0.086881	0.105246
16700	0.072439	0.025163	786	0.041515	0.055564	0.069478	0.086364	0.104690
16800	0.072076	0.025056	786	0.041621	0.055368	0.069251	0.085892	0.103792
16900	0.071725	0.024971	786	0.041443	0.055193	0.068383	0.085359	0.103669
17000	0.071400	0.024936	786	0.041545	0.054886	0.068364	0.085255	0.103845
17100	0.071049	0.024855	786	0.041087	0.054857	0.067756	0.085070	0.103478
17200	0.070634	0.024623	786	0.040794	0.054426	0.067473	0.084482	0.102711
17300	0.070225	0.024393	786	0.040366	0.054018	0.067236	0.083531	0.101173
17400	0.069829	0.024210	786	0.040323	0.053795	0.067042	0.082776	0.101080
17500	0.069435	0.024021	786	0.040166	0.053401	0.066364	0.082157	0.099987
17600	0.069025	0.023892	786	0.039801	0.053535	0.065913	0.081876	0.098949
17700	0.068598	0.023697	786	0.039839	0.053259	0.065592	0.081477	0.097785
17800	0.068187	0.023475	786	0.039962	0.053167	0.065789	0.081468	0.097188
17900	0.067787	0.023302	786	0.039737	0.052854	0.065959	0.081482	0.096609
18000	0.067425	0.023173	786	0.039435	0.052309	0.065814	0.081164	0.097153
18100	0.067086	0.023047	786	0.039331	0.051665	0.065455	0.080720	0.097105
18200	0.066726	0.022932	786	0.038769	0.051567	0.064912	0.080299	0.096607
18300	0.066373	0.022843	786	0.038079	0.051537	0.064396	0.079899	0.096580
18400	0.065973	0.022726	786	0.037938	0.051072	0.063394	0.080107	0.096112
18500	0.065597	0.022623	786	0.037625	0.050613	0.063189	0.079606	0.096524
18600	0.065215	0.022517	786	0.036927	0.049874	0.062817	0.079544	0.095612
18700	0.064824	0.022376	786	0.037155	0.049503	0.062525	0.078808	0.095431
18800	0.064476	0.022263	786	0.036481	0.049409	0.062203	0.078340	0.093756
18900	0.064102	0.022178	786	0.035834	0.049552	0.062049	0.077587	0.092526
19000	0.063692	0.022109	786	0.035470	0.048936	0.061902	0.077036	0.091413
19100	0.063311	0.022077	786	0.035404	0.048714	0.061264	0.076919	0.091110
19200	0.062958	0.022024	786	0.035220	0.048555	0.061139	0.076640	0.090954
19300	0.062632	0.022005	786	0.035428	0.048134	0.060963	0.076077	0.090566
19400	0.062370	0.022040	786	0.035219	0.047861	0.060647	0.075554	0.090276
19500	0.062103	0.022064	786	0.034839	0.047732	0.060504	0.075020	0.089483
19600	0.061845	0.022114	786	0.034483	0.047656	0.059940	0.074727	0.090636
19700	0.061547	0.022177	786	0.034221	0.047579	0.059498	0.073835	0.089386
19800	0.061249	0.022244	786	0.033761	0.047085	0.058853	0.073565	0.089092
19900	0.060956	0.022328	786	0.033783	0.046603	0.058814	0.072899	0.088685
20000	0.060701	0.022390	786	0.033582	0.046283	0.058703	0.072915	0.088334
20100	0.060452	0.022383	786	0.033236	0.045943	0.058420	0.072939	0.088347
20200	0.060207	0.022348	786	0.033242	0.045624	0.058205	0.072807	0.087763
20300	0.059967	0.022343	786	0.032918	0.045276	0.057696	0.072857	0.087987
20400	0.059732	0.022341	786	0.032959	0.044804	0.057719	0.072434	0.087474
20500	0.059466	0.022277	786	0.032765	0.044069	0.057852	0.072592	0.088092
20600	0.059196	0.022219	786	0.032649	0.043725	0.057279	0.072668	0.087534
20700	0.058907	0.022145	786	0.032367	0.043571	0.057175	0.072429	0.086772
20800	0.058569	0.022008	786	0.031667	0.043295	0.056882	0.071662	0.086070
20900	0.058257	0.021931	786	0.031511	0.042994	0.056611	0.071370	0.085213
21000	0.057945	0.021846	786	0.031420	0.042126	0.056521	0.070630	0.085353
21100	0.057620	0.021762	786	0.031239	0.041626	0.055935	0.070118	0.085289
21200	0.057294	0.021673	786	0.031139	0.041312	0.055923	0.069463	0.085399
21300	0.057010	0.021643	786	0.030923	0.041209	0.055590	0.068880	0.085385
21400	0.056725	0.021591	786	0.030558	0.040708	0.054984	0.068630	0.084908
21500	0.056432	0.021510	786	0.030439	0.040610	0.054791	0.068566	0.084441
21600	0.056110	0.021413	786	0.030414	0.040385	0.054611	0.068187	0.084136
21700	0.055784	0.021326	786	0.030158	0.039741	0.054409	0.067930	0.083075
21800	0.055456	0.021226	786	0.030054	0.039416	0.054295	0.067925	0.083454
21900	0.055146	0.021140	786	0.029873	0.039112	0.053838	0.067592	0.083226
22000	0.054876	0.021060	786	0.029948	0.039026	0.053414	0.066805	0.082235
22100	0.054631	0.020978	786	0.029701	0.038768	0.053499	0.066604	0.081864
22200	0.054409	0.020924	786	0.029488	0.038495	0.053645	0.066478	0.081203
22300	0.054198	0.020884	786	0.029150	0.038379	0.053082	0.066432	0.081269
22400	0.053979	0.020844	786	0.028987	0.038181	0.052929	0.066158	0.081536
22500	0.053749	0.020785	786	0.028208	0.038035	0.052727	0.065215	0.080841
22600	0.053500	0.020665	786	0.028071	0.037980	0.052346	0.064450	0.080246
22700	0.053239	0.020539	786	0.027844	0.037866	0.052114	0.064110	0.079969
22800	0.052947	0.020407	786	0.027348	0.037779	0.051743	0.063729	0.079856
22900	0.052670	0.020286	786	0.027533	0.037777	0.051395	0.063437	0.079185
23000	0.052410	0.020188	786	0.027439	0.037687	0.051168	0.063310	0.079055
23100	0.052143	0.020082	786	0.027122	0.037761	0.050907	0.063223	0.079339
23200	0.051868	0.019947	786	0.027111	0.037743	0.050459	0.063402	0.078645
23300	0.051569	0.019820	786	0.026949	0.037552	0.050094	0.062763	0.076933
23400	0.051271	0.019734	786	0.027149	0.037423	0.050010	0.062562	0.076705
23500	0.050986	0.019687	786	0.026425	0.037450	0.049680	0.061961	0.077129
23600	0.050740	0.019676	786	0.026695	0.037189	0.049231	0.061788	0.076849
23700	0.050505	0.019695	786	0.026822	0.036765	0.048680	0.061365	0.076688
23800	0.050276	0.019694	786	0.026370	0.036665	0.048361	0.060590	0.075907
23900	0.050062	0.019693	786	0.025909	0.036104	0.048058	0.060743	0.075632
24000	0.049840	0.019710	786	0.025879	0.035864	0.047653	0.060627	0.075679
24100	0.049623	0.019712	786	0.025904	0.036006	0.047356	0.060318	0.075903
24200	0.049397	0.019684	786	0.025681	0.036148	0.047024	0.059642	0.076127
24300	0.049160	0.019646	786	0.025934	0.036315	0.046660	0.059253	0.075334
24400	0.048890	0.019598	786	0.025583	0.036187	0.046524	0.059015	0.074784
24500	0.048613	0.019552	786	0.025844	0.035887	0.046563	0.058196	0.074872
24600	0.048314	0.019411	786	0.025712	0.035430	0.046070	0.057724	0.074764
24700	0.048024	0.019280	786	0.025287	0.035000	0.045824	0.057408	0.074056
24800	0.047752	0.019172	786	0.025466	0.034627	0.045685	0.057138	0.073824
24900	0.047478	0.019022	786	0.025255	0.034382	0.045404	0.056843	0.072779
25000	0.047204	0.018854	786	0.025157	0.034072	0.045057	0.057001	0.072963
25100	0.046936	0.018676	786	0.025092	0.033938	0.044817	0.056744	0.073496
25200	0.046689	0.018546	786	0.024945	0.033546	0.044641	0.056820	0.072688
25300	0.046453	0.018441	786	0.024917	0.033503	0.044328	0.056539	0.071791
25400	0.046239	0.018380	786	0.024717	0.033448	0.043967	0.056162	0.071050
25500	0.046035	0.018325	786	0.024422	0.033267	0.044011	0.055672	0.070299
25600	0.045828	0.018267	786	0.024099	0.032908	0.043777	0.055925	0.070186
25700	0.045616	0.018233	786	0.023677	0.032890	0.043694	0.055488	0.069749
25800	0.045371	0.018156	786	0.023553	0.032921	0.043382	0.055660	0.069752
25900	0.045108	0.018052	786	0.023503	0.032797	0.042910	0.055028	0.068577
26000	0.044870	0.017961	786	0.023565	0.032483	0.042720	0.054833	0.067818
26100	0.044637	0.017865	786	0.023365	0.032591	0.042534	0.054707	0.067184
26200	0.044417	0.017786	786	0.023368	0.032282	0.042353	0.054260	0.066875
26300	0.044204	0.017690	786	0.023233	0.032038	0.042374	0.053435	0.066531
26400	0.044006	0.017594	786	0.023068	0.031780	0.042382	0.053107	0.066502
26500	0.043811	0.017494	786	0.022864	0.031598	0.042239	0.053359	0.066631
26600	0.043594	0.017362	786	0.022633	0.031577	0.042056	0.053116	0.066257
26700	0.043378	0.017233	786	0.022801	0.031225	0.041841	0.052588	0.065718
26800	0.043149	0.017110	786	0.022328	0.031143	0.041824	0.052731	0.064659
26900	0.042934	0.017033	786	0.022346	0.031074	0.041711	0.052570	0.063867
27000	0.042753	0.016985	786	0.022119	0.030681	0.041586	0.052307	0.063818
27100	0.042576	0.016936	786	0.022097	0.030548	0.041288	0.052103	0.064200
27200	0.042415	0.016890	786	0.021909	0.030305	0.041179	0.051709	0.063969
27300	0.042247	0.016859	786	0.021764	0.030084	0.040758	0.051488	0.063624
27400	0.042086	0.016835	786	0.021750	0.030105	0.040646	0.050983	0.063178
27500	0.041917	0.016823	786	0.021309	0.029938	0.040575	0.050913	0.063203
27600	0.041735	0.016798	786	0.021454	0.029571	0.040190	0.050636	0.063327
27700	0.041539	0.016771	786	0.021234	0.029480	0.039967	0.050405	0.062975
27800	0.041334	0.016744	786	0.021260	0.029412	0.039819	0.050385	0.063063
27900	0.041109	0.016702	786	0.021184	0.029540	0.039641	0.050248	0.062676
28000	0.040883	0.016629	786	0.021167	0.029183	0.039369	0.050237	0.061840
28100	0.040659	0.016551	786	0.020689	0.029335	0.039141	0.049801	0.061415
28200	0.040438	0.016469	786	0.020704	0.029021	0.038936	0.049634	0.060906
28300	0.040211	0.016317	786	0.020648	0.028888	0.038572	0.048985	0.060587
28400	0.039976	0.016138	786	0.020397	0.028817	0.038523	0.048571	0.059876
28500	0.039731	0.015942	786	0.019966	0.028670	0.038323	0.048514	0.059458
28600	0.039518	0.015792	786	0.019968	0.028506	0.038223	0.048472	0.059360
28700	0.039302	0.015658	786	0.020028	0.028425	0.037935	0.047967	0.059762
28800	0.039102	0.015583	786	0.019760	0.028415	0.037658	0.047474	0.059397
28900	0.038929	0.015529	786	0.019779	0.028295	0.037364	0.047444	0.058887
29000	0.038788	0.015481	786	0.019773	0.028120	0.037233	0.047061	0.058697
29100	0.038682	0.015446	786	0.019566	0.028193	0.037215	0.047506	0.058162
29200	0.038564	0.015409	786	0.019430	0.028277	0.036797	0.047431	0.058405
29300	0.038450	0.015404	786	0.019217	0.028067	0.036712	0.047006	0.058641
29400	0.038344	0.015423	786	0.019139	0.027696	0.036636	0.047050	0.058480
29500	0.038246	0.015451	786	0.019120	0.027311	0.036508	0.047230	0.058585
29600	0.038143	0.015466	786	0.019300	0.027122	0.036573	0.046882	0.058738
29700	0.038020	0.015471	786	0.019378	0.026899	0.036272	0.046817	0.058467
29800	0.037885	0.015458	786	0.019377	0.026750	0.036105	0.046131	0.058590
29900	0.037748	0.015432	786	0.018908	0.026832	0.036015	0.046111	0.058531
30000	0.037631	0.015421	786	0.018718	0.026747	0.035692	0.046339	0.057954
30100	0.037509	0.015423	786	0.018779	0.026661	0.035869	0.046336	0.057515
30200	0.037386	0.015433	786	0.018697	0.026405	0.035874	0.046158	0.057212
30300	0.037242	0.015424	786	0.018708	0.026422	0.035918	0.045914	0.057494
30400	0.037105	0.015406	786	0.018556	0.026117	0.035652	0.046001	0.056669
30500	0.036976	0.015398	786	0.018366	0.026062	0.035698	0.045980	0.056335
30600	0.036853	0.015381	786	0.018560	0.026051	0.035738	0.045811	0.056350
30700	0.036731	0.015345	786	0.018247	0.025968	0.035529	0.045830	0.055917
30800	0.036627	0.015329	786	0.018113	0.025827	0.035122	0.045820	0.056016
30900	0.036524	0.015314	786	0.018087	0.025699	0.034807	0.045683	0.055511
31000	0.036402	0.015272	786	0.018090	0.025710	0.034570	0.045412	0.055384
31100	0.036277	0.015229	786	0.018033	0.025811	0.034316	0.045299	0.055229
31200	0.036147	0.015187	786	0.017690	0.025864	0.034437	0.045338	0.054954
31300	0.035997	0.015116	786	0.017547	0.025894	0.034332	0.045307	0.054766
31400	0.035849	0.014993	786	0.017362	0.025708	0.034425	0.044752	0.054494
31500	0.035718	0.014884	786	0.017252	0.025550	0.034240	0.044527	0.054353
31600	0.035581	0.014774	786	0.017241	0.025519	0.034317	0.044551	0.054659
31700	0.035449	0.014679	786	0.017230	0.025081	0.034098	0.044427	0.054281
31800	0.035305	0.014603	786	0.017255	0.024825	0.033885	0.043975	0.054445
31900	0.035183	0.014552	786	0.017243	0.024767	0.033634	0.043623	0.054860
32000	0.035067	0.014522	786	0.017143	0.024689	0.033351	0.043518	0.054404
32100	0.034955	0.014509	786	0.017054	0.024680	0.033268	0.043521	0.054290
32200	0.034854	0.014537	786	0.017105	0.024749	0.033014	0.043115	0.054020
32300	0.034750	0.014565	786	0.016926	0.024660	0.032639	0.043216	0.054274
32400	0.034638	0.014571	786	0.016741	0.024257	0.032535	0.042985	0.054453
32500	0.034524	0.014572	786	0.016655	0.023992	0.032410	0.042859	0.054129
32600	0.034416	0.014567	786	0.016761	0.023960	0.032352	0.042802	0.053362
32700	0.034319	0.014573	786	0.016696	0.024066	0.032576	0.042581	0.052769
32800	0.034220	0.014572	786	0.016994	0.024045	0.032511	0.042349	0.053017
32900	0.034114	0.014537	786	0.016785	0.023913	0.032280	0.042775	0.052704
33000	0.033994	0.014506	786	0.016224	0.023511	0.032209	0.042534	0.052076
33100	0.033880	0.014478	786	0.016426	0.023438	0.032286	0.042383	0.052143
33200	0.033749	0.014456	786	0.016206	0.023295	0.032198	0.042346	0.052533
33300	0.033627	0.014444	786	0.016206	0.023230	0.032023	0.041835	0.052518
33400	0.033518	0.014423	786	0.016364	0.023102	0.031897	0.041610	0.052346
33500	0.033404	0.014393	786	0.016209	0.023166	0.031681	0.041584	0.052303
33600	0.033289	0.014350	786	0.016057	0.022955	0.031465	0.041231	0.052480
33700	0.033166	0.014289	786	0.015849	0.022755	0.031363	0.041277	0.052151
33800	0.033035	0.014229	786	0.015818	0.022603	0.031340	0.041204	0.051736
33900	0.032918	0.014198	786	0.015513	0.022613	0.031080	0.040914	0.051616
34000	0.032798	0.014184	786	0.015308	0.022530	0.030791	0.040934	0.051982
34100	0.032671	0.014139	786	0.015356	0.022536	0.030586	0.040828	0.051120
34200	0.032533	0.014069	786	0.015115	0.022555	0.030678	0.040819	0.050858
34300	0.032400	0.014000	786	0.015151	0.022292	0.030818	0.040563	0.051291
34400	0.032259	0.013948	786	0.015290	0.022118	0.030673	0.040549	0.050951
34500	0.032118	0.013894	786	0.015291	0.022048	0.030510	0.040267	0.050791
34600	0.031967	0.013817	786	0.015246	0.021900	0.030123	0.039948	0.050719
34700	0.031811	0.013746	786	0.015146	0.021638	0.029956	0.039752	0.050652
34800	0.031648	0.013664	786	0.015145	0.021500	0.029888	0.039552	0.050405
34900	0.031472	0.013546	786	0.015140	0.021342	0.029725	0.039612	0.050227
35000	0.031278	0.013410	786	0.015090	0.021293	0.029717	0.039464	0.049877
35100	0.031096	0.013277	786	0.014888	0.021222	0.029566	0.039291	0.049735
35200	0.030932	0.013163	786	0.014880	0.020985	0.029671	0.039055	0.049104
35300	0.030775	0.013059	786	0.014882	0.020877	0.029520	0.039093	0.048684
35400	0.030650	0.012973	786	0.014897	0.020776	0.029361	0.039173	0.048371
35500	0.030540	0.012889	786	0.014655	0.020831	0.029438	0.038824	0.048195
35600	0.030431	0.012803	786	0.014545	0.020817	0.029418	0.039334	0.047984
35700	0.030321	0.012741	786	0.014497	0.020825	0.029289	0.038869	0.047752
35800	0.030212	0.012689	786	0.014361	0.020605	0.029071	0.038784	0.047402
35900	0.030107	0.012650	786	0.014355	0.020450	0.028913	0.038907	0.047280
36000	0.029992	0.012616	786	0.014123	0.020292	0.028912	0.038462	0.047097
36100	0.029875	0.012596	786	0.014081	0.020226	0.028668	0.038160	0.047237
36200	0.029762	0.012558	786	0.014060	0.020079	0.028571	0.037833	0.047018
36300	0.029640	0.012499	786	0.013997	0.020042	0.028600	0.037504	0.047186
36400	0.029539	0.012464	786	0.014058	0.019964	0.028595	0.037428	0.046633
36500	0.029449	0.012443	786	0.013910	0.019814	0.028474	0.037085	0.046746
36600	0.029365	0.012427	786	0.013942	0.019940	0.028314	0.036970	0.046576
36700	0.029278	0.012422	786	0.013925	0.019987	0.028365	0.036589	0.046348
36800	0.029203	0.012418	786	0.013775	0.019956	0.028192	0.036678	0.046318
36900	0.029118	0.012389	786	0.013584	0.019974	0.028222	0.036503	0.046118
37000	0.029027	0.012357	786	0.013506	0.019796	0.028064	0.036423	0.046014
37100	0.028929	0.012327	786	0.013513	0.019720	0.027827	0.036301	0.045899
37200	0.028837	0.012305	786	0.013479	0.019580	0.027715	0.036392	0.045789
37300	0.028757	0.012311	786	0.013479	0.019608	0.027819	0.036075	0.045737
37400	0.028678	0.012327	786	0.013470	0.019545	0.027586	0.035948	0.045398
37500	0.028591	0.012326	786	0.013410	0.019695	0.027398	0.035719	0.045222
37600	0.028490	0.012308	786	0.013343	0.019649	0.027239	0.035692	0.045000
37700	0.028382	0.012268	786	0.013423	0.019452	0.027124	0.035650	0.044828
37800	0.028268	0.012230	786	0.013321	0.019415	0.027019	0.035558	0.044480
37900	0.028151	0.012182	786	0.013312	0.019393	0.027041	0.035361	0.044319
38000	0.028043	0.012115	786	0.013233	0.019378	0.026829	0.035303	0.044025
38100	0.027952	0.012060	786	0.013061	0.019321	0.026691	0.034968	0.043767
38200	0.027861	0.012004	786	0.012972	0.019323	0.026570	0.034811	0.044000
38300	0.027793	0.011965	786	0.012925	0.019226	0.026534	0.034859	0.044071
38400	0.027730	0.011945	786	0.012854	0.019062	0.026528	0.034722	0.043762
38500	0.027671	0.011939	786	0.012775	0.018851	0.026370	0.034502	0.043832
38600	0.027621	0.011941	786	0.012677	0.018800	0.026381	0.034373	0.043670
38700	0.027559	0.011950	786	0.012545	0.018863	0.026193	0.034383	0.043755
38800	0.027479	0.011951	786	0.012483	0.018713	0.026247	0.034259	0.043682
38900	0.027391	0.011939	786	0.012443	0.018678	0.026122	0.034058	0.043477
39000	0.027285	0.011901	786	0.012390	0.018695	0.026122	0.033786	0.043325
39100	0.027173	0.011857	786	0.012283	0.018454	0.026098	0.033359	0.043059
39200	0.027066	0.011808	786	0.012169	0.018243	0.025898	0.033230	0.042620
39300	0.026969	0.011772	786	0.012216	0.018269	0.025983	0.033023	0.042517
39400	0.026893	0.011767	786	0.012249	0.018172	0.025984	0.032827	0.042417
39500	0.026827	0.011774	786	0.012208	0.018204	0.025784	0.032844	0.042548
39600	0.026749	0.011786	786	0.012088	0.018175	0.025661	0.032896	0.042907
39700	0.026647	0.011770	786	0.011989	0.018173	0.025658	0.033101	0.042609
39800	0.026548	0.011753	786	0.012081	0.017769	0.025593	0.032868	0.041925
39900	0.026450	0.011749	786	0.012229	0.017816	0.025490	0.032542	0.041386
40000	0.026357	0.011747	786	0.012105	0.017858	0.025458	0.032386	0.041482
40100	0.026277	0.011765	786	0.012085	0.017806	0.025404	0.032318	0.041341
40200	0.026214	0.011750	786	0.011867	0.017879	0.025228	0.032410	0.041093
40300	0.026144	0.011721	786	0.011686	0.017639	0.025227	0.032547	0.040893
40400	0.026084	0.011712	786	0.011719	0.017564	0.025107	0.032509	0.041049
40500	0.026023	0.011705	786	0.011817	0.017518	0.024974	0.032300	0.040857
40600	0.025964	0.011696	786	0.011805	0.017353	0.024916	0.032295	0.041089
40700	0.025903	0.011679	786	0.011808	0.017425	0.024822	0.032144	0.040858
40800	0.025843	0.011662	786	0.012001	0.017339	0.024743	0.032181	0.040835
40900	0.025787	0.011650	786	0.011958	0.017204	0.024614	0.032204	0.040877
41000	0.025725	0.011618	786	0.012015	0.017183	0.024526	0.032175	0.040918
41100	0.025663	0.011579	786	0.011937	0.017008	0.024485	0.031673	0.041108
41200	0.025598	0.011535	786	0.011985	0.016954	0.024487	0.031644	0.041371
41300	0.025523	0.011494	786	0.012012	0.016897	0.024360	0.031425	0.041416
41400	0.025445	0.011458	786	0.011909	0.016773	0.024161	0.031509	0.041150
41500	0.025358	0.011401	786	0.011807	0.016727	0.024206	0.031607	0.040913
41600	0.025273	0.011352	786	0.011712	0.016773	0.024078	0.031729	0.040621
41700	0.025191	0.011309	786	0.011598	0.016849	0.023904	0.031751	0.040477
41800	0.025102	0.011264	786	0.011545	0.016770	0.023665	0.031773	0.040135
41900	0.025015	0.011223	786	0.011682	0.016741	0.023687	0.031361	0.039860
42000	0.024943	0.011178	786	0.011586	0.016674	0.023684	0.031116	0.040109
42100	0.024889	0.011138	786	0.011734	0.016788	0.023682	0.031152	0.040066
42200	0.024832	0.011101	786	0.011583	0.016704	0.023641	0.031096	0.039811
42300	0.024772	0.011083	786	0.011464	0.016539	0.023606	0.030968	0.039493
42400	0.024718	0.011084	786	0.011460	0.016440	0.023630	0.031045	0.039015
42500	0.024690	0.011110	786	0.011464	0.016379	0.023520	0.030962	0.039049
42600	0.024652	0.011127	786	0.011370	0.016141	0.023450	0.030899	0.039070
42700	0.024603	0.011161	786	0.011364	0.016213	0.023344	0.031001	0.039000
42800	0.024553	0.011207	786	0.011345	0.016178	0.023323	0.031067	0.038967
42900	0.024509	0.011264	786	0.011381	0.016308	0.023281	0.030840	0.039052
43000	0.024474	0.011316	786	0.011219	0.016054	0.023281	0.030728	0.038962
43100	0.024442	0.011372	786	0.011240	0.016033	0.023187	0.030689	0.039001
43200	0.024397	0.011411	786	0.011366	0.015955	0.023204	0.030658	0.038907
43300	0.024346	0.011418	786	0.011288	0.015706	0.023212	0.030483	0.038900
43400	0.024290	0.011419	786	0.011090	0.015597	0.023310	0.030097	0.038907
43500	0.024225	0.011391	786	0.010989	0.015711	0.023149	0.029890	0.038986
43600	0.024156	0.011354	786	0.010842	0.015817	0.023079	0.029849	0.039001
43700	0.024085	0.011324	786	0.010751	0.015799	0.023007	0.029725	0.038867
43800	0.024023	0.011295	786	0.010678	0.015776	0.022967	0.029808	0.038532
43900	0.023960	0.011256	786	0.010679	0.015582	0.023094	0.029963	0.038352
44000	0.023891	0.011215	786	0.010631	0.015526	0.023028	0.029890	0.038252
44100	0.023825	0.011168	786	0.010681	0.015578	0.022982	0.029730	0.038167
44200	0.023741	0.011108	786	0.010642	0.015568	0.022915	0.029922	0.038020
44300	0.023664	0.011047	786	0.010569	0.015531	0.022752	0.029842	0.037718
44400	0.023596	0.010986	786	0.010584	0.015510	0.022607	0.029652	0.037547
44500	0.023526	0.010932	786	0.010461	0.015737	0.022517	0.029635	0.036957
44600	0.023458	0.010884	786	0.010543	0.015611	0.022242	0.029390	0.036878
44700	0.023388	0.010830	786	0.010413	0.015588	0.022096	0.029439	0.036652
44800	0.023322	0.010790	786	0.010337	0.015485	0.021820	0.029338	0.036826
44900	0.023271	0.010777	786	0.010274	0.015560	0.021808	0.029479	0.036790
45000	0.023215	0.010764	786	0.010337	0.015455	0.021800	0.029471	0.036757
45100	0.023152	0.010724	786	0.010402	0.015340	0.021840	0.029247	0.036769
45200	0.023094	0.010677	786	0.010441	0.015442	0.021754	0.029228	0.036865
45300	0.023032	0.010631	786	0.010469	0.015405	0.021802	0.029387	0.037086
45400	0.022988	0.010593	786	0.010332	0.015460	0.021889	0.029244	0.037090
45500	0.022944	0.010557	786	0.010308	0.015429	0.021865	0.029207	0.037512
45600	0.022891	0.010523	786	0.010514	0.015228	0.021776	0.028896	0.037205
45700	0.022836	0.010501	786	0.010381	0.015272	0.021690	0.028631	0.037158
45800	0.022780	0.010474	786	0.010291	0.015241	0.021694	0.028705	0.037225
45900	0.022709	0.010433	786	0.010214	0.015048	0.021537	0.028691	0.037024
46000	0.022629	0.010386	786	0.010213	0.015162	0.021422	0.028590	0.036732
46100	0.022543	0.010340	786	0.010314	0.015045	0.021408	0.028595	0.036541
46200	0.022455	0.010297	786	0.010281	0.015019	0.021353	0.028860	0.036376
46300	0.022370	0.010255	786	0.010206	0.014976	0.021187	0.028721	0.036492
46400	0.022290	0.010227	786	0.010060	0.014905	0.021078	0.028569	0.036240
46500	0.022218	0.010196	786	0.010078	0.015014	0.021081	0.028613	0.035705
46600	0.022162	0.010182	786	0.009978	0.014786	0.021093	0.028765	0.035712
46700	0.022104	0.010161	786	0.009950	0.014861	0.021010	0.028514	0.035530
46800	0.022052	0.010149	786	0.010057	0.014821	0.021114	0.028303	0.035663
46900	0.021999	0.010127	786	0.009990	0.014786	0.020790	0.027936	0.035598
47000	0.021937	0.010094	786	0.009927	0.014724	0.020768	0.027732	0.035101
47100	0.021883	0.010065	786	0.009812	0.014822	0.020744	0.027962	0.035126
47200	0.021817	0.010024	786	0.009939	0.014733	0.020636	0.027864	0.034845
47300	0.021757	0.009986	786	0.009946	0.014546	0.020641	0.027702	0.034518
47400	0.021707	0.009962	786	0.009858	0.014494	0.020489	0.027924	0.034549
47500	0.021656	0.009935	786	0.009842	0.014218	0.020432	0.027729	0.034598
47600	0.021612	0.009884	785	0.009774	0.014374	0.020514	0.027572	0.034569
47700	0.021539	0.009845	785	0.009726	0.014263	0.020492	0.027307	0.034649
47800	0.021466	0.009800	785	0.009739	0.014320	0.020451	0.026957	0.034518
47900	0.021409	0.009746	785	0.009653	0.014268	0.020443	0.026832	0.034347
48000	0.021362	0.009700	785	0.009679	0.014415	0.020290	0.026645	0.034056
48100	0.021315	0.009654	785	0.009737	0.014511	0.020290	0.026555	0.033995
48200	0.021279	0.009619	785	0.009747	0.014506	0.020388	0.026745	0.033756
48300	0.021245	0.009584	785	0.009573	0.014356	0.020241	0.026606	0.033570
48400	0.021206	0.009552	785	0.009529	0.014412	0.020303	0.026614	0.033744
48500	0.021166	0.009525	785	0.009381	0.014249	0.020302	0.026725	0.033727
48600	0.021128	0.009506	785	0.009392	0.014318	0.020343	0.026713	0.033545
48700	0.021080	0.009479	785	0.009383	0.014197	0.020421	0.026755	0.033125
48800	0.021032	0.009451	785	0.009487	0.013963	0.020417	0.026703	0.032956
48900	0.020974	0.009433	785	0.009591	0.013911	0.020308	0.026602	0.032825
49000	0.020915	0.009434	785	0.009630	0.013879	0.020212	0.026560	0.032856
49100	0.020871	0.009440	785	0.009585	0.013797	0.020088	0.026458	0.032962
49200	0.020834	0.009458	785	0.009663	0.013819	0.020122	0.026509	0.033309
49300	0.020794	0.009470	785	0.009498	0.013902	0.020060	0.026295	0.032947
49400	0.020756	0.009485	785	0.009424	0.013901	0.020043	0.026098	0.032985
49500	0.020718	0.009503	785	0.009388	0.013702	0.020136	0.026146	0.032816
49600	0.020678	0.009517	785	0.009297	0.013658	0.019987	0.025891	0.032732
49700	0.020645	0.009521	785	0.009244	0.013590	0.020065	0.025898	0.032502
49800	0.020608	0.009503	785	0.009200	0.013564	0.020048	0.025955	0.032469
49900	0.020565	0.009466	785	0.009257	0.013675	0.019959	0.026096	0.032179
50000	0.020522	0.009424	785	0.009172	0.013701	0.019938	0.026188	0.032020
50100	0.020483	0.009389	785	0.009184	0.013696	0.019948	0.025995	0.031815
50200	0.020444	0.009354	785	0.009212	0.013721	0.019738	0.025807	0.031815
50300	0.020416	0.009324	785	0.009202	0.013748	0.019804	0.025746	0.031915
50400	0.020386	0.009295	785	0.009044	0.013702	0.019762	0.025610	0.031540
50500	0.020342	0.009265	785	0.008997	0.013577	0.019704	0.025603	0.031879
50600	0.020290	0.009235	785	0.008928	0.013654	0.019712	0.025582	0.031743
50700	0.020226	0.009205	785	0.008935	0.013506	0.019687	0.025551	0.031588
50800	0.020159	0.009166	785	0.008927	0.013410	0.019594	0.025601	0.031495
50900	0.020088	0.009137	785	0.008782	0.013364	0.019538	0.025585	0.031337
51000	0.020025	0.009110	785	0.008813	0.013367	0.019448	0.025595	0.031428
51100	0.019971	0.009093	785	0.008714	0.013327	0.019295	0.025519	0.031036
51200	0.019923	0.009088	785	0.008648	0.013165	0.019179	0.025329	0.031313
51300	0.019872	0.009099	785	0.008614	0.013079	0.019021	0.025243	0.031507
51400	0.019818	0.009106	785	0.008761	0.013072	0.018932	0.025043	0.031135
51500	0.019765	0.009117	785	0.008764	0.013033	0.018903	0.025001	0.031436
51600	0.019706	0.009122	785	0.008838	0.013133	0.018796	0.024738	0.031495
51700	0.019648	0.009123	785	0.008753	0.013038	0.018643	0.024805	0.031653
51800	0.019586	0.009119	785	0.008704	0.012863	0.018553	0.024755	0.031545
51900	0.019530	0.009116	785	0.008754	0.012930	0.018525	0.024741	0.031532
52000	0.019475	0.009114	785	0.008700	0.012922	0.018406	0.024752	0.031598
52100	0.019417	0.009109	785	0.008716	0.012795	0.018419	0.024795	0.031464
52200	0.019358	0.009089	785	0.008688	0.012701	0.018190	0.024655	0.031423
52300	0.019303	0.009078	785	0.008654	0.012655	0.018152	0.024503	0.031462
52400	0.019245	0.009065	785	0.008588	0.012630	0.018226	0.024431	0.031313
52500	0.019182	0.009042	785	0.008559	0.012585	0.018017	0.024312	0.031082
52600	0.019120	0.009021	785	0.008454	0.012573	0.017984	0.024384	0.030984
52700	0.019059	0.009001	785	0.008571	0.012464	0.017895	0.024433	0.030960
52800	0.019003	0.008979	785	0.008386	0.012317	0.017937	0.024404	0.030825
52900	0.018964	0.008966	785	0.008356	0.012312	0.018077	0.024287	0.030853
53000	0.018926	0.008957	785	0.008297	0.012293	0.017987	0.024248	0.030887
53100	0.018888	0.008948	785	0.008188	0.012263	0.017999	0.024256	0.030810
53200	0.018853	0.008943	785	0.008210	0.012136	0.018087	0.024124	0.030638
53300	0.018809	0.008933	785	0.008126	0.012098	0.018137	0.023990	0.030568
53400	0.018771	0.008919	785	0.008175	0.012154	0.018038	0.023916	0.030329
53500	0.018728	0.008901	785	0.008264	0.012110	0.018033	0.023999	0.030253
53600	0.018677	0.008884	785	0.008333	0.012095	0.017931	0.023802	0.030219
53700	0.018618	0.008866	785	0.008346	0.012046	0.017898	0.023617	0.029795
53800	0.018566	0.008852	785	0.008204	0.012049	0.017767	0.023631	0.029576
53900	0.018518	0.008836	785	0.008026	0.012037	0.017910	0.023766	0.029493
54000	0.018467	0.008816	785	0.008006	0.012005	0.017842	0.023759	0.029288
54100	0.018415	0.008793	785	0.007997	0.011943	0.017794	0.023824	0.029177
54200	0.018362	0.008770	785	0.007997	0.011929	0.017722	0.023716	0.029332
54300	0.018314	0.008755	785	0.007909	0.011920	0.017612	0.023653	0.029259
54400	0.018275	0.008737	785	0.007845	0.011923	0.017751	0.023603	0.029500
54500	0.018232	0.008719	785	0.007769	0.011916	0.017650	0.023527	0.029225
54600	0.018186	0.008692	785	0.007789	0.011881	0.017537	0.023434	0.029053
54700	0.018144	0.008665	785	0.007912	0.011883	0.017403	0.023416	0.029255
54800	0.018098	0.008632	785	0.007909	0.011855	0.017250	0.023377	0.028929
54900	0.018044	0.008597	785	0.007870	0.011849	0.017247	0.023262	0.028957
55000	0.018004	0.008578	785	0.007843	0.011764	0.017140	0.023043	0.028997
55100	0.017970	0.008555	785	0.007925	0.011681	0.017152	0.022886	0.028888
55200	0.017931	0.008540	785	0.007852	0.011598	0.017027	0.022813	0.028808
55300	0.017889	0.008519	785	0.007885	0.011547	0.016981	0.022831	0.028997
55400	0.017847	0.008501	785	0.007832	0.011478	0.016846	0.022711	0.029007
55500	0.017811	0.008489	785	0.007827	0.011513	0.016813	0.022732	0.028924
55600	0.017779	0.008482	785	0.007910	0.011526	0.016755	0.022715	0.028961
55700	0.017739	0.008486	785	0.007905	0.011564	0.016725	0.022568	0.028797
55800	0.017702	0.008497	785	0.007947	0.011570	0.016748	0.022538	0.028799
55900	0.017680	0.008513	785	0.007800	0.011595	0.016608	0.022501	0.028779
56000	0.017658	0.008538	785	0.007802	0.011527	0.016535	0.022495	0.028953
56100	0.017642	0.008563	785	0.007714	0.011539	0.016467	0.022520	0.028558
56200	0.017620	0.008575	785	0.007801	0.011517	0.016412	0.022587	0.028556
56300	0.017594	0.008584	785	0.007780	0.011518	0.016478	0.022531	0.028531
56400	0.017577	0.008600	785	0.007582	0.011458	0.016479	0.022431	0.028359
56500	0.017565	0.008615	785	0.007410	0.011483	0.016489	0.022544	0.028839
56600	0.017542	0.008607	785	0.007440	0.011477	0.016442	0.022459	0.028707
56700	0.017516	0.008604	785	0.007411	0.011492	0.016419	0.022286	0.028274
56800	0.017489	0.008610	785	0.007381	0.011442	0.016402	0.022398	0.028149
56900	0.017459	0.008611	785	0.007261	0.011320	0.016457	0.022301	0.028095
57000	0.017437	0.008616	785	0.007201	0.011323	0.016461	0.022286	0.028022
57100	0.017399	0.008610	785	0.007193	0.011346	0.016258	0.022251	0.028282
57200	0.017364	0.008605	785	0.007183	0.011351	0.016290	0.022291	0.028209
57300	0.017327	0.008589	785	0.007044	0.011268	0.016106	0.022310	0.027993
57400	0.017289	0.008574	785	0.007015	0.011231	0.016015	0.022249	0.027933
57500	0.017246	0.008560	785	0.006930	0.011278	0.015924	0.022071	0.027997
57600	0.017198	0.008540	785	0.006893	0.011282	0.015999	0.021908	0.028178
57700	0.017154	0.008520	785	0.006914	0.011161	0.015997	0.021771	0.028131
57800	0.017117	0.008506	785	0.006989	0.011059	0.015891	0.021841	0.028261
57900	0.017074	0.008488	785	0.007043	0.011007	0.015864	0.021724	0.028221
58000	0.017022	0.008464	785	0.006974	0.010966	0.015756	0.021549	0.028052
58100	0.016971	0.008446	785	0.006924	0.010956	0.015687	0.021559	0.027767
58200	0.016923	0.008430	785	0.006830	0.010888	0.015741	0.021401	0.027754
58300	0.016867	0.008414	785	0.006823	0.010872	0.015753	0.021339	0.027740
58400	0.016812	0.008402	785	0.006856	0.010903	0.015738	0.021302	0.027749
58500	0.016770	0.008393	785	0.006784	0.010725	0.015618	0.021246	0.027818
58600	0.016725	0.008380	785	0.006822	0.010690	0.015634	0.021113	0.027800
58700	0.016675	0.008368	785	0.006854	0.010622	0.015650	0.021040	0.027726
58800	0.016630	0.008349	785	0.006897	0.010610	0.015695	0.020811	0.027889
58900	0.016594	0.008333	785	0.006889	0.010595	0.015626	0.020819	0.027711
59000	0.016563	0.008322	785	0.006844	0.010593	0.015550	0.020627	0.027505
59100	0.016526	0.008305	785	0.006732	0.010546	0.015437	0.020719	0.027623
59200	0.016491	0.008285	785	0.006850	0.010472	0.015448	0.020760	0.027717
59300	0.016460	0.008258	785	0.006880	0.010361	0.015286	0.020705	0.027684
59400	0.016427	0.008241	785	0.006880	0.010368	0.015312	0.020731	0.027447
59500	0.016387	0.008220	785	0.006816	0.010309	0.015312	0.020730	0.027421
59600	0.016342	0.008201	785	0.006785	0.010318	0.015302	0.020733	0.027337
59700	0.016300	0.008179	785	0.006820	0.010415	0.015220	0.020616	0.027095
59800	0.016261	0.008160	785	0.006908	0.010520	0.015139	0.020639	0.027004
59900	0.016225	0.008149	785	0.006882	0.010403	0.015119	0.020641	0.027047
60000	0.016190	0.008138	785	0.006876	0.010335	0.015051	0.020449	0.026904
60100	0.016154	0.008126	785	0.006894	0.010226	0.015052	0.020518	0.026641
60200	0.016120	0.008120	785	0.006821	0.010272	0.014898	0.020600	0.026502
60300	0.016090	0.008125	785	0.006733	0.010318	0.014838	0.020471	0.026539
60400	0.016083	0.008114	784	0.006760	0.010365	0.014878	0.020416	0.026439
60500	0.016062	0.008125	784	0.006540	0.010288	0.014872	0.020409	0.026758
60600	0.016043	0.008136	784	0.006506	0.010234	0.014841	0.020378	0.026588
60700	0.016024	0.008143	784	0.006376	0.010175	0.014737	0.020354	0.026423
60800	0.016005	0.008147	784	0.006368	0.010226	0.014780	0.020308	0.026627
60900	0.015993	0.008151	784	0.006405	0.010256	0.014827	0.020424	0.026629
61000	0.015971	0.008159	784	0.006371	0.010197	0.014742	0.020467	0.026600
61100	0.015937	0.008156	784	0.006337	0.010196	0.014809	0.020270	0.026595
61200	0.015897	0.008137	784	0.006359	0.010083	0.014791	0.020246	0.026466
61300	0.015861	0.008121	784	0.006303	0.010047	0.014702	0.020278	0.026374
61400	0.015826	0.008107	784	0.006396	0.009860	0.014781	0.020118	0.026403
61500	0.015794	0.008083	784	0.006306	0.009929	0.014672	0.019966	0.026606
61600	0.015758	0.008066	784	0.006311	0.009941	0.014731	0.020021	0.026540
61700	0.015743	0.008036	783	0.006464	0.009908	0.014694	0.020059	0.026500
61800	0.015711	0.008032	783	0.006504	0.009944	0.014508	0.020115	0.026236
61900	0.015678	0.008029	783	0.006413	0.009908	0.014472	0.019954	0.025975
62000	0.015647	0.008027	783	0.006371	0.009826	0.014418	0.019835	0.025817
62100	0.015607	0.008021	783	0.006366	0.009784	0.014407	0.019737	0.025935
62200	0.015569	0.008012	783	0.006295	0.009714	0.014430	0.019749	0.025903
62300	0.015535	0.008004	783	0.006199	0.009656	0.014395	0.019771	0.025871
62400	0.015501	0.007993	783	0.006193	0.009654	0.014329	0.019679	0.025838
62500	0.015465	0.007974	783	0.006340	0.009623	0.014393	0.019738	0.025412
62600	0.015436	0.007956	783	0.006418	0.009586	0.014395	0.019615	0.025449
62700	0.015408	0.007935	783	0.006386	0.009593	0.014381	0.019743	0.025163
62800	0.015380	0.007920	783	0.006288	0.009527	0.014478	0.019673	0.025277
62900	0.015354	0.007905	783	0.006184	0.009447	0.014424	0.019640	0.025326
63000	0.015326	0.007885	783	0.006242	0.009391	0.014387	0.019624	0.025438
63100	0.015296	0.007858	783	0.006183	0.009365	0.014432	0.019815	0.025322
63200	0.015264	0.007836	783	0.006195	0.009461	0.014301	0.019671	0.025381
63300	0.015239	0.007809	783	0.006234	0.009445	0.014344	0.019755	0.025139
63400	0.015207	0.007782	783	0.006301	0.009498	0.014308	0.019778	0.025180
63500	0.015173	0.007762	783	0.006298	0.009529	0.014313	0.019770	0.025038
63600	0.015136	0.007748	783	0.006248	0.009538	0.014239	0.019770	0.024970
63700	0.015104	0.007742	783	0.006250	0.009543	0.014056	0.019811	0.024865
63800	0.015077	0.007745	783	0.006253	0.009500	0.014039	0.019867	0.024652
63900	0.015043	0.007748	783	0.006254	0.009532	0.013971	0.019747	0.024696
64000	0.015009	0.007754	783	0.006104	0.009443	0.013862	0.019633	0.024762
64100	0.014974	0.007752	783	0.006022	0.009418	0.013817	0.019546	0.024828
64200	0.014931	0.007744	783	0.005974	0.009416	0.013726	0.019444	0.024894
64300	0.014890	0.007723	783	0.006059	0.009356	0.013839	0.019406	0.024777
64400	0.014848	0.007700	783	0.006038	0.009284	0.013874	0.019377	0.024695
64500	0.014802	0.007682	783	0.006011	0.009244	0.013748	0.019311	0.024606
64600	0.014755	0.007663	783	0.005962	0.009207	0.013689	0.019291	0.024481
64700	0.014719	0.007649	783	0.005986	0.009279	0.013741	0.019273	0.024320
64800	0.014688	0.007637	783	0.005858	0.009264	0.013842	0.019081	0.024138
64900	0.014659	0.007632	783	0.005781	0.009268	0.013769	0.019182	0.024067
65000	0.014626	0.007612	783	0.005740	0.009237	0.013650	0.019093	0.024318
65100	0.014596	0.007589	783	0.005661	0.009158	0.013593	0.019097	0.024047
65200	0.014564	0.007568	783	0.005714	0.009158	0.013459	0.019111	0.023949
65300	0.014537	0.007550	783	0.005636	0.009149	0.013420	0.019013	0.024090
65400	0.014509	0.007519	783	0.005648	0.009179	0.013293	0.018951	0.024061
65500	0.014475	0.007482	783	0.005628	0.009224	0.013327	0.018953	0.024125
65600	0.014432	0.007445	783	0.005646	0.009154	0.013283	0.018905	0.024243
65700	0.014389	0.007411	783	0.005609	0.009038	0.013195	0.018827	0.024034
65800	0.014347	0.007380	783	0.005642	0.009090	0.013156	0.018581	0.023860
65900	0.014308	0.007349	783	0.005604	0.009009	0.013200	0.018536	0.023683
66000	0.014262	0.007319	783	0.005560	0.008914	0.013181	0.018513	0.023439
66100	0.014219	0.007303	783	0.005585	0.008881	0.013178	0.018488	0.023365
66200	0.014184	0.007294	783	0.005549	0.008880	0.013333	0.018508	0.023286
66300	0.014151	0.007288	783	0.005400	0.008807	0.013216	0.018488	0.023318
66400	0.014122	0.007281	783	0.005295	0.008758	0.013211	0.018488	0.023390
66500	0.014092	0.007270	783	0.005260	0.008704	0.013281	0.018425	0.023435
66600	0.014069	0.007267	783	0.005263	0.008736	0.013339	0.018382	0.023665
66700	0.014048	0.007269	783	0.005259	0.008674	0.013368	0.018265	0.023354
66800	0.014026	0.007270	783	0.005256	0.008672	0.013375	0.018339	0.023241
66900	0.014005	0.007265	783	0.005408	0.008639	0.013202	0.018153	0.023307
67000	0.013985	0.007265	783	0.005322	0.008640	0.013190	0.018168	0.023303
67100	0.013963	0.007263	783	0.005217	0.008640	0.013116	0.018232	0.023222
67200	0.013942	0.007257	783	0.005192	0.008524	0.013105	0.018213	0.023155
67300	0.013920	0.007251	783	0.005186	0.008499	0.013027	0.018262	0.023136
67400	0.013902	0.007249	783	0.005211	0.008487	0.012905	0.018213	0.023284
67500	0.013882	0.007251	783	0.005185	0.008447	0.012852	0.018155	0.023282
67600	0.013861	0.007250	783	0.005419	0.008408	0.012782	0.018136	0.023180
67700	0.013842	0.007246	783	0.005357	0.008405	0.012795	0.018130	0.023170
67800	0.013822	0.007249	783	0.005323	0.008413	0.012737	0.018077	0.023181
67900	0.013811	0.007253	783	0.005357	0.008405	0.012792	0.018078	0.023192
68000	0.013799	0.007257	783	0.005304	0.008480	0.012786	0.018165	0.023301
68100	0.013784	0.007260	783	0.005155	0.008481	0.012676	0.018166	0.023372
68200	0.013768	0.007250	783	0.005180	0.008487	0.012583	0.018254	0.023399
68300	0.013750	0.007245	783	0.005118	0.008423	0.012596	0.018134	0.023423
68400	0.013732	0.007251	783	0.005060	0.008404	0.012649	0.018171	0.023225
68500	0.013714	0.007259	783	0.005076	0.008439	0.012544	0.018228	0.023183
68600	0.013698	0.007269	783	0.004993	0.008458	0.012586	0.018295	0.023275
68700	0.013684	0.007282	783	0.004982	0.008519	0.012603	0.018150	0.023234
68800	0.013673	0.007293	783	0.004891	0.008531	0.012508	0.018150	0.023019
68900	0.013658	0.007297	783	0.004834	0.008472	0.012630	0.018242	0.023137
69000	0.013643	0.007300	783	0.004839	0.008434	0.012531	0.018148	0.023286
69100	0.013625	0.007306	783	0.004903	0.008358	0.012555	0.017971	0.023208
69200	0.013603	0.007315	783	0.004884	0.008346	0.012591	0.017852	0.023015
69300	0.013586	0.007313	782	0.004889	0.008344	0.012641	0.017738	0.023167
69400	0.013554	0.007316	782	0.004810	0.008326	0.012668	0.017768	0.023139
69500	0.013522	0.007315	782	0.004814	0.008212	0.012622	0.017678	0.023214
69600	0.013497	0.007314	782	0.004769	0.008191	0.012583	0.017572	0.023243
69700	0.013471	0.007302	782	0.004827	0.008126	0.012628	0.017652	0.023151
69800	0.013447	0.007296	782	0.004831	0.008071	0.012698	0.017617	0.023361
69900	0.013421	0.007282	782	0.004857	0.008023	0.012659	0.017568	0.023306
70000	0.013394	0.007269	782	0.004883	0.007979	0.012528	0.017526	0.023247
70100	0.013389	0.007249	781	0.004895	0.007935	0.012492	0.017500	0.023592
70200	0.013376	0.007241	780	0.004728	0.007967	0.012384	0.017523	0.023441
70300	0.013346	0.007238	780	0.004882	0.007947	0.012414	0.017444	0.023388
70400	0.013320	0.007231	780	0.004807	0.007900	0.012424	0.017424	0.023321
70500	0.013299	0.007223	780	0.004840	0.007849	0.012436	0.017377	0.023241
70600	0.013283	0.007217	780	0.004859	0.007851	0.012393	0.017389	0.023289
70700	0.013265	0.007220	780	0.004864	0.007789	0.012238	0.017295	0.023048
70800	0.013245	0.007224	780	0.004912	0.007768	0.012199	0.017304	0.022948
70900	0.013230	0.007229	780	0.004888	0.007726	0.012236	0.017370	0.023025
71000	0.013233	0.007227	779	0.004948	0.007672	0.012319	0.017295	0.023019
71100	0.013217	0.007236	779	0.004975	0.007625	0.012362	0.017247	0.022887
71200	0.013192	0.007239	779	0.004921	0.007674	0.012400	0.017171	0.022751
71300	0.013168	0.007242	779	0.004886	0.007547	0.012350	0.017248	0.022731
71400	0.013148	0.007246	779	0.004835	0.007470	0.012298	0.017311	0.022903
71500	0.013120	0.007239	779	0.004846	0.007473	0.012281	0.017347	0.022999
71600	0.013097	0.007232	779	0.004803	0.007439	0.012334	0.017307	0.022867
71700	0.013078	0.007226	779	0.004769	0.007433	0.012360	0.017301	0.022709
71800	0.013062	0.007225	779	0.004709	0.007448	0.012282	0.017267	0.022499
71900	0.013040	0.007224	779	0.004745	0.007420	0.012321	0.017368	0.022580
72000	0.013011	0.007221	779	0.004809	0.007412	0.012186	0.017236	0.022640
72100	0.012977	0.007218	779	0.004790	0.007434	0.012113	0.017119	0.022458
72200	0.012941	0.007209	779	0.004722	0.007439	0.012051	0.017056	0.022389
72300	0.012907	0.007198	779	0.004831	0.007429	0.012034	0.017031	0.022338
72400	0.012870	0.007182	779	0.004689	0.007370	0.011965	0.016917	0.022561
72500	0.012836	0.007157	779	0.004696	0.007413	0.011985	0.017011	0.022408
72600	0.012802	0.007136	779	0.004802	0.007399	0.011893	0.016948	0.022380
72700	0.012771	0.007117	779	0.004777	0.007375	0.011928	0.016927	0.022312
72800	0.012744	0.007100	779	0.004866	0.007363	0.011920	0.016906	0.022194
72900	0.012717	0.007089	779	0.004789	0.007327	0.011870	0.016867	0.022132
73000	0.012693	0.007078	779	0.004846	0.007321	0.011867	0.016944	0.021992
73100	0.012668	0.007056	779	0.004700	0.007313	0.011867	0.016801	0.022015
73200	0.012656	0.007027	778	0.004711	0.007287	0.011815	0.016690	0.021971
73300	0.012624	0.007008	778	0.004705	0.007234	0.011806	0.016731	0.021903
73400	0.012596	0.006990	778	0.004690	0.007266	0.011818	0.016677	0.021864
73500	0.012578	0.006957	777	0.004712	0.007193	0.011817	0.016580	0.021785
73600	0.012541	0.006923	777	0.004654	0.007204	0.011837	0.016503	0.021587
73700	0.012510	0.006899	777	0.004567	0.007273	0.011700	0.016586	0.021467
73800	0.012483	0.006889	777	0.004569	0.007215	0.011684	0.016555	0.021294
73900	0.012459	0.006887	777	0.004504	0.007142	0.011636	0.016596	0.021174
74000	0.012447	0.006877	776	0.004533	0.007135	0.011671	0.016537	0.021150
74100	0.012416	0.006859	776	0.004598	0.007177	0.011493	0.016540	0.021119
74200	0.012406	0.006838	775	0.004529	0.007097	0.011633	0.016496	0.021227
74300	0.012400	0.006825	774	0.004558	0.007084	0.011622	0.016451	0.021253
74400	0.012379	0.006821	774	0.004516	0.007143	0.011610	0.016352	0.021081
74500	0.012350	0.006815	774	0.004437	0.007112	0.011642	0.016308	0.020988
74600	0.012321	0.006808	774	0.004446	0.007056	0.011686	0.016382	0.020933
74700	0.012298	0.006806	774	0.004464	0.007025	0.011573	0.016268	0.020739
74800	0.012277	0.006808	774	0.004448	0.007002	0.011507	0.016352	0.020829
74900	0.012261	0.006817	774	0.004454	0.007050	0.011526	0.016328	0.020859
75000	0.012242	0.006822	774	0.004419	0.007000	0.011513	0.016217	0.020712
75100	0.012212	0.006820	774	0.004360	0.006894	0.011463	0.016158	0.020710
75200	0.012200	0.006804	773	0.004372	0.006955	0.011474	0.016126	0.020744
75300	0.012174	0.006793	773	0.004307	0.006894	0.011562	0.016131	0.020625
75400	0.012151	0.006786	773	0.004296	0.006906	0.011637	0.016189	0.020435
75500	0.012130	0.006783	773	0.004209	0.006912	0.011546	0.016183	0.020430
75600	0.012109	0.006777	773	0.004251	0.006933	0.011587	0.016176	0.020424
75700	0.012087	0.006774	773	0.004238	0.007002	0.011460	0.016037	0.020591
75800	0.012066	0.006771	773	0.004283	0.006996	0.011392	0.016029	0.020681
75900	0.012045	0.006770	773	0.004270	0.006976	0.011295	0.016005	0.020589
76000	0.012024	0.006764	773	0.004314	0.006937	0.011336	0.016011	0.020648
76100	0.012003	0.006753	773	0.004233	0.006815	0.011422	0.016031	0.020710
76200	0.011986	0.006742	773	0.004182	0.006849	0.011424	0.016002	0.020726
76300	0.011961	0.006729	773	0.004149	0.006848	0.011422	0.015893	0.020778
76400	0.011938	0.006715	773	0.004087	0.006839	0.011367	0.015923	0.020725
76500	0.011913	0.006702	773	0.004052	0.006814	0.011300	0.015826	0.020653
76600	0.011888	0.006684	773	0.004067	0.006818	0.011251	0.015755	0.020762
76700	0.011865	0.006666	773	0.004041	0.006821	0.011265	0.015720	0.020797
76800	0.011846	0.006654	773	0.004068	0.006824	0.011233	0.015677	0.020708
76900	0.011827	0.006645	773	0.004049	0.006866	0.011122	0.015592	0.020725
77000	0.011809	0.006639	773	0.004063	0.006850	0.011187	0.015543	0.020933
77100	0.011794	0.006633	773	0.004058	0.006869	0.011072	0.015560	0.020937
77200	0.011800	0.006621	772	0.004016	0.006852	0.011089	0.015506	0.020971
77300	0.011786	0.006619	772	0.003973	0.006871	0.011090	0.015527	0.020839
77400	0.011777	0.006621	772	0.003908	0.006877	0.011051	0.015506	0.020757
77500	0.011769	0.006621	772	0.003935	0.006853	0.011150	0.015583	0.020430
77600	0.011773	0.006620	771	0.003986	0.006876	0.010981	0.015642	0.020359
77700	0.011760	0.006627	771	0.004021	0.006893	0.010978	0.015588	0.020182
77800	0.011750	0.006636	771	0.003996	0.006863	0.011037	0.015519	0.020000
77900	0.011765	0.006620	769	0.004012	0.006920	0.011097	0.015502	0.020102
78000	0.011762	0.006610	768	0.004018	0.006783	0.011102	0.015575	0.020240
78100	0.011745	0.006616	768	0.003969	0.006757	0.011033	0.015558	0.020346
78200	0.011721	0.006623	768	0.003919	0.006776	0.011005	0.015503	0.020260
78300	0.011693	0.006625	768	0.003871	0.006840	0.010970	0.015355	0.020441
78400	0.011667	0.006633	768	0.003799	0.006774	0.011020	0.015239	0.020077
78500	0.011641	0.006637	768	0.003741	0.006787	0.010901	0.015348	0.019967
78600	0.011612	0.006640	768	0.003704	0.006710	0.010843	0.015284	0.019919
78700	0.011583	0.006642	768	0.003657	0.006698	0.010721	0.015374	0.019993
78800	0.011574	0.006639	767	0.003644	0.006709	0.010739	0.015467	0.019833
78900	0.011555	0.006646	767	0.003645	0.006674	0.010772	0.015497	0.019754
79000	0.011526	0.006645	767	0.003658	0.006663	0.010731	0.015484	0.019873
79100	0.011499	0.006640	767	0.003646	0.006641	0.010735	0.015490	0.019987
79200	0.011474	0.006639	767	0.003570	0.006589	0.010648	0.015444	0.019888
79300	0.011453	0.006640	767	0.003574	0.006529	0.010674	0.015446	0.019700
79400	0.011434	0.006637	767	0.003650	0.006493	0.010677	0.015375	0.019533
79500	0.011415	0.006624	767	0.003617	0.006421	0.010611	0.015321	0.019299
79600	0.011394	0.006606	767	0.003571	0.006361	0.010616	0.015429	0.019284
79700	0.011374	0.006590	767	0.003566	0.006320	0.010661	0.015361	0.019603
79800	0.011356	0.006581	767	0.003495	0.006292	0.010594	0.015293	0.019565
79900	0.011339	0.006573	767	0.003478	0.006267	0.010522	0.015336	0.019759
80000	0.011317	0.006563	767	0.003461	0.006220	0.010626	0.015337	0.019518
80100	0.011297	0.006553	767	0.003444	0.006275	0.010587	0.015154	0.019563
80200	0.011280	0.006548	767	0.003427	0.006220	0.010639	0.015052	0.019603
80300	0.011265	0.006545	767	0.003409	0.006148	0.010575	0.015124	0.019632
80400	0.011243	0.006545	767	0.003344	0.006166	0.010552	0.015167	0.019836
80500	0.011233	0.006534	766	0.003358	0.006189	0.010483	0.015021	0.019961
80600	0.011214	0.006531	766	0.003335	0.006107	0.010472	0.015072	0.019927
80700	0.011203	0.006527	765	0.003267	0.006083	0.010500	0.015092	0.019864
80800	0.011181	0.006526	765	0.003283	0.006062	0.010509	0.015156	0.019764
80900	0.011156	0.006524	765	0.003280	0.006070	0.010512	0.015042	0.019694
81000	0.011131	0.006524	765	0.003293	0.006067	0.010458	0.014916	0.019659
81100	0.011105	0.006519	765	0.003275	0.006063	0.010499	0.014808	0.019589
81200	0.011078	0.006511	765	0.003250	0.006024	0.010453	0.014692	0.019561
81300	0.011059	0.006511	765	0.003212	0.006041	0.010398	0.014701	0.019575
81400	0.011037	0.006510	765	0.003256	0.006059	0.010313	0.014696	0.019665
81500	0.011014	0.006511	765	0.003156	0.006051	0.010267	0.014705	0.019852
81600	0.010992	0.006510	765	0.003083	0.006059	0.010230	0.014698	0.019923
81700	0.010971	0.006507	765	0.003085	0.006067	0.010235	0.014717	0.020063
81800	0.010951	0.006501	765	0.003024	0.006074	0.010310	0.014688	0.020039
81900	0.010928	0.006487	765	0.002947	0.006075	0.010337	0.014647	0.020069
82000	0.010899	0.006475	765	0.002944	0.006053	0.010292	0.014626	0.019944
82100	0.010867	0.006461	765	0.002944	0.006035	0.010238	0.014587	0.019671
82200	0.010838	0.006445	765	0.002914	0.005988	0.010192	0.014461	0.019889
82300	0.010811	0.006429	765	0.002935	0.005978	0.010116	0.014402	0.019753
82400	0.010788	0.006419	765	0.002928	0.005907	0.010107	0.014386	0.019584
82500	0.010765	0.006407	765	0.002965	0.005903	0.010173	0.014359	0.019577
82600	0.010752	0.006398	764	0.002938	0.005875	0.010070	0.014211	0.019946
82700	0.010730	0.006389	764	0.002925	0.005872	0.009967	0.014194	0.019858
82800	0.010708	0.006380	764	0.002879	0.005873	0.010016	0.014116	0.019739
82900	0.010686	0.006375	764	0.002940	0.005781	0.010023	0.014164	0.019359
83000	0.010663	0.006370	764	0.002928	0.005827	0.010011	0.014104	0.019085
83100	0.010644	0.006370	764	0.002901	0.005822	0.009902	0.014032	0.019115
83200	0.010628	0.006369	764	0.002893	0.005755	0.009944	0.013982	0.019043
83300	0.010612	0.006370	764	0.002848	0.005751	0.009873	0.014031	0.019020
83400	0.010597	0.006369	764	0.002830	0.005730	0.009925	0.014049	0.019122
83500	0.010598	0.006360	763	0.002841	0.005671	0.009925	0.014137	0.018877
83600	0.010584	0.006356	763	0.002969	0.005652	0.009847	0.014134	0.018775
83700	0.010580	0.006344	762	0.002960	0.005691	0.009783	0.014100	0.018629
83800	0.010559	0.006335	762	0.002965	0.005688	0.009782	0.014160	0.018556
83900	0.010535	0.006325	762	0.002967	0.005779	0.009744	0.014181	0.018468
84000	0.010512	0.006313	762	0.003039	0.005825	0.009764	0.014130	0.018506
84100	0.010490	0.006304	762	0.003040	0.005808	0.009701	0.014111	0.018515
84200	0.010471	0.006299	762	0.003040	0.005822	0.009681	0.014068	0.018382
84300	0.010454	0.006300	762	0.003012	0.005792	0.009681	0.013943	0.018277
84400	0.010435	0.006306	762	0.003088	0.005704	0.009698	0.013962	0.018295
84500	0.010424	0.006315	762	0.003047	0.005719	0.009671	0.014003	0.018399
84600	0.010418	0.006331	762	0.003071	0.005730	0.009651	0.013967	0.018563
84700	0.010414	0.006350	762	0.003033	0.005657	0.009624	0.013887	0.018522
84800	0.010415	0.006372	762	0.003051	0.005620	0.009572	0.013877	0.018570
84900	0.010414	0.006389	762	0.002978	0.005569	0.009623	0.013960	0.018422
85000	0.010411	0.006396	762	0.002934	0.005559	0.009469	0.014017	0.018476
85100	0.010402	0.006393	762	0.002943	0.005645	0.009467	0.013925	0.018385
85200	0.010404	0.006388	761	0.002904	0.005622	0.009506	0.013881	0.018145
85300	0.010395	0.006388	761	0.002843	0.005632	0.009510	0.013988	0.018106
85400	0.010387	0.006379	761	0.002873	0.005661	0.009558	0.013891	0.018123
85500	0.010380	0.006374	761	0.002812	0.005653	0.009572	0.013883	0.018119
85600	0.010370	0.006367	761	0.002881	0.005566	0.009729	0.013877	0.018191
85700	0.010358	0.006360	761	0.002926	0.005606	0.009659	0.013895	0.018340
85800	0.010341	0.006352	761	0.002877	0.005591	0.009641	0.013810	0.018219
85900	0.010321	0.006349	761	0.002931	0.005568	0.009448	0.013830	0.018322
86000	0.010303	0.006346	761	0.002883	0.005538	0.009395	0.013930	0.018555
86100	0.010282	0.006339	761	0.002755	0.005530	0.009332	0.013887	0.018688
86200	0.010261	0.006332	761	0.002788	0.005519	0.009360	0.013805	0.018656
86300	0.010244	0.006326	761	0.002805	0.005512	0.009298	0.013784	0.018575
86400	0.010229	0.006324	761	0.002936	0.005512	0.009314	0.013826	0.018497
86500	0.010216	0.006323	761	0.002865	0.005529	0.009231	0.013757	0.018336
86600	0.010200	0.006324	761	0.002707	0.005548	0.009173	0.013827	0.018249
86700	0.010185	0.006329	761	0.002702	0.005581	0.009133	0.013879	0.018325
86800	0.010167	0.006333	761	0.002759	0.005576	0.009092	0.013782	0.018298
86900	0.010146	0.006335	761	0.002761	0.005563	0.009111	0.013925	0.018178
87000	0.010126	0.006334	761	0.002755	0.005573	0.009124	0.013965	0.018122
87100	0.010111	0.006336	761	0.002732	0.005535	0.009117	0.013940	0.018154
87200	0.010103	0.006340	761	0.002685	0.005531	0.009090	0.013920	0.018250
87300	0.010095	0.006340	761	0.002718	0.005447	0.009082	0.013738	0.018324
87400	0.010083	0.006333	761	0.002707	0.005376	0.009080	0.013727	0.018343
87500	0.010073	0.006324	761	0.002787	0.005265	0.009136	0.013797	0.018216
87600	0.010062	0.006320	761	0.002855	0.005198	0.009054	0.013800	0.018334
87700	0.010045	0.006312	761	0.002776	0.005162	0.009024	0.013712	0.018303
87800	0.010019	0.006300	761	0.002808	0.005247	0.009008	0.013678	0.018419
87900	0.009992	0.006286	761	0.002776	0.005287	0.009026	0.013612	0.018447
88000	0.009968	0.006272	761	0.002763	0.005292	0.008958	0.013542	0.018340
88100	0.009943	0.006262	761	0.002724	0.005250	0.008905	0.013650	0.018256
88200	0.009918	0.006253	761	0.002749	0.005261	0.008878	0.013513	0.018150
88300	0.009896	0.006244	761	0.002706	0.005270	0.008893	0.013531	0.018255
88400	0.009879	0.006237	761	0.002656	0.005279	0.008848	0.013476	0.018105
88500	0.009872	0.006226	760	0.002620	0.005236	0.008860	0.013418	0.018043
88600	0.009859	0.006208	760	0.002565	0.005203	0.008774	0.013397	0.018027
88700	0.009841	0.006184	760	0.002526	0.005199	0.008790	0.013351	0.018030
88800	0.009825	0.006168	760	0.002496	0.005203	0.008856	0.013270	0.018012
88900	0.009820	0.006146	759	0.002536	0.005203	0.008906	0.013259	0.018017
89000	0.009800	0.006134	759	0.002447	0.005188	0.008811	0.013321	0.017993
89100	0.009777	0.006126	759	0.002431	0.005185	0.008729	0.013275	0.018091
89200	0.009766	0.006115	758	0.002439	0.005128	0.008707	0.013192	0.017982
89300	0.009747	0.006119	758	0.002525	0.005149	0.008699	0.013233	0.017962
89400	0.009730	0.006121	758	0.002568	0.005137	0.008713	0.013262	0.017766
89500	0.009727	0.006113	757	0.002571	0.005071	0.008800	0.013332	0.017693
89600	0.009717	0.006115	757	0.002587	0.005038	0.008753	0.013274	0.017646
89700	0.009703	0.006116	757	0.002643	0.005024	0.008775	0.013169	0.017517
89800	0.009698	0.006111	756	0.002651	0.005032	0.008752	0.013092	0.017432
89900	0.009682	0.006111	756	0.002580	0.004996	0.008724	0.013078	0.017448
90000	0.009662	0.006112	756	0.002575	0.004967	0.008751	0.013135	0.017624
90100	0.009638	0.006108	756	0.002605	0.004941	0.008768	0.013076	0.017573
90200	0.009612	0.006101	756	0.002556	0.004935	0.008707	0.013005	0.017497
90300	0.009593	0.006093	756	0.002520	0.004902	0.008754	0.013029	0.017317
90400	0.009574	0.006086	756	0.002516	0.004949	0.008663	0.013009	0.017298
90500	0.009555	0.006081	756	0.002569	0.004950	0.008600	0.013038	0.017409
90600	0.009537	0.006078	756	0.002586	0.004877	0.008558	0.013116	0.017397
90700	0.009521	0.006078	756	0.002639	0.004833	0.008582	0.013149	0.017447
90800	0.009527	0.006068	754	0.002679	0.004913	0.008622	0.013276	0.017361
90900	0.009511	0.006070	754	0.002585	0.004878	0.008619	0.013275	0.017313
91000	0.009499	0.006071	754	0.002576	0.004962	0.008624	0.013237	0.017269
91100	0.009485	0.006070	754	0.002602	0.004893	0.008651	0.013153	0.017110
91200	0.009468	0.006067	754	0.002575	0.004878	0.008581	0.013217	0.017129
91300	0.009450	0.006062	754	0.002540	0.004860	0.008550	0.013098	0.017091
91400	0.009431	0.006057	754	0.002506	0.004894	0.008463	0.013136	0.017096
91500	0.009409	0.006057	754	0.002553	0.004894	0.008451	0.013250	0.017036
91600	0.009400	0.006046	753	0.002572	0.004855	0.008467	0.013104	0.017054
91700	0.009375	0.006042	753	0.002519	0.004843	0.008459	0.013014	0.017073
91800	0.009352	0.006040	753	0.002530	0.004802	0.008435	0.012961	0.017092
91900	0.009327	0.006030	753	0.002505	0.004732	0.008430	0.012827	0.017036
92000	0.009303	0.006018	753	0.002468	0.004722	0.008469	0.012827	0.017090
92100	0.009282	0.006004	753	0.002426	0.004681	0.008482	0.012874	0.017132
92200	0.009265	0.005987	753	0.002394	0.004668	0.008434	0.012854	0.017127
92300	0.009249	0.005973	753	0.002409	0.004670	0.008495	0.012868	0.017247
92400	0.009236	0.005959	753	0.002368	0.004704	0.008404	0.012931	0.017185
92500	0.009229	0.005949	753	0.002376	0.004682	0.008400	0.012907	0.017191
92600	0.009219	0.005943	753	0.002352	0.004605	0.008409	0.012861	0.017259
92700	0.009210	0.005939	753	0.002296	0.004580	0.008432	0.012774	0.017216
92800	0.009196	0.005935	753	0.002242	0.004606	0.008418	0.012752	0.017338
92900	0.009185	0.005933	753	0.002204	0.004613	0.008325	0.012850	0.017090
93000	0.009170	0.005933	753	0.002165	0.004621	0.008367	0.012896	0.017035
93100	0.009154	0.005928	753	0.002127	0.004650	0.008318	0.012812	0.017067
93200	0.009137	0.005922	753	0.002157	0.004663	0.008329	0.012793	0.017157
93300	0.009116	0.005919	753	0.002107	0.004613	0.008351	0.012717	0.017237
93400	0.009093	0.005914	753	0.002065	0.004556	0.008201	0.012647	0.017280
93500	0.009067	0.005903	753	0.002026	0.004540	0.008101	0.012529	0.017257
93600	0.009050	0.005883	752	0.002071	0.004565	0.008043	0.012468	0.017240
93700	0.009025	0.005875	752	0.002090	0.004564	0.008108	0.012426	0.017172
93800	0.009006	0.005868	752	0.002125	0.004583	0.008008	0.012309	0.017340
93900	0.008987	0.005860	752	0.002144	0.004611	0.007952	0.012415	0.017321
94000	0.008966	0.005852	752	0.002097	0.004609	0.007930	0.012276	0.017312
94100	0.008972	0.005841	750	0.002154	0.004566	0.007904	0.012271	0.017446
94200	0.008956	0.005837	750	0.002179	0.004521	0.007940	0.012233	0.017283
94300	0.008951	0.005827	749	0.002199	0.004539	0.007995	0.012242	0.017367
94400	0.008933	0.005825	749	0.002167	0.004486	0.007962	0.012264	0.017426
94500	0.008915	0.005824	749	0.002114	0.004491	0.008013	0.012358	0.017386
94600	0.008901	0.005825	749	0.002068	0.004505	0.008045	0.012286	0.017373
94700	0.008896	0.005822	748	0.002051	0.004456	0.008034	0.012262	0.017350
94800	0.008893	0.005826	747	0.002053	0.004438	0.008008	0.012245	0.017342
94900	0.008881	0.005834	747	0.002018	0.004458	0.007957	0.012347	0.017309
95000	0.008866	0.005840	747	0.002060	0.004506	0.007987	0.012289	0.017432
95100	0.008862	0.005838	746	0.002101	0.004505	0.007987	0.012348	0.017451
95200	0.008844	0.005844	746	0.002102	0.004526	0.007975	0.012279	0.017405
95300	0.008828	0.005852	746	0.002097	0.004472	0.007884	0.012125	0.017302
95400	0.008813	0.005861	746	0.002070	0.004473	0.007818	0.012055	0.017322
95500	0.008809	0.005876	745	0.002046	0.004501	0.007900	0.012038	0.017360
95600	0.008795	0.005885	745	0.001965	0.004468	0.007849	0.011990	0.017221
95700	0.008781	0.005890	745	0.001954	0.004463	0.007819	0.012017	0.017223
95800	0.008765	0.005892	745	0.001984	0.004418	0.007870	0.012001	0.017169
95900	0.008748	0.005888	745	0.001971	0.004379	0.007868	0.012076	0.017250
96000	0.008733	0.005883	745	0.001963	0.004307	0.007654	0.012018	0.017151
96100	0.008721	0.005885	745	0.001984	0.004232	0.007645	0.012041	0.017141
96200	0.008710	0.005883	745	0.001941	0.004200	0.007651	0.011978	0.016939
96300	0.008699	0.005882	745	0.001926	0.004243	0.007590	0.012076	0.017069
96400	0.008685	0.005882	745	0.001907	0.004174	0.007570	0.012026	0.017073
96500	0.008671	0.005882	745	0.001908	0.004137	0.007603	0.011999	0.017021
96600	0.008676	0.005878	744	0.001910	0.004170	0.007533	0.012056	0.016953
96700	0.008667	0.005870	744	0.001910	0.004235	0.007477	0.012064	0.016840
96800	0.008657	0.005862	744	0.001927	0.004316	0.007503	0.011990	0.016928
96900	0.008669	0.005849	742	0.002020	0.004365	0.007588	0.012007	0.016864
97000	0.008658	0.005839	742	0.001959	0.004311	0.007505	0.011954	0.016827
97100	0.008645	0.005821	742	0.001946	0.004340	0.007557	0.011833	0.016727
97200	0.008634	0.005802	742	0.001949	0.004349	0.007515	0.011834	0.016502
97300	0.008635	0.005782	741	0.001966	0.004355	0.007610	0.011948	0.016586
97400	0.008632	0.005767	740	0.001926	0.004400	0.007619	0.011925	0.016601
97500	0.008635	0.005754	739	0.001934	0.004410	0.007629	0.011896	0.016590
97600	0.008640	0.005749	738	0.001953	0.004449	0.007625	0.011926	0.016539
97700	0.008637	0.005750	738	0.001971	0.004369	0.007545	0.011956	0.016442
97800	0.008636	0.005753	738	0.001939	0.004342	0.007554	0.011944	0.016529
97900	0.008634	0.005759	738	0.001974	0.004373	0.007529	0.012010	0.016591
98000	0.008628	0.005764	738	0.002001	0.004332	0.007528	0.011984	0.016635
98100	0.008621	0.005768	738	0.001978	0.004312	0.007524	0.012002	0.016872
98200	0.008613	0.005772	738	0.001974	0.004316	0.007579	0.012068	0.016902
98300	0.008606	0.005775	738	0.001981	0.004301	0.007565	0.012005	0.016907
98400	0.008593	0.005775	738	0.001986	0.004297	0.007549	0.011914	0.016832
98500	0.008594	0.005770	737	0.001977	0.004292	0.007581	0.011776	0.016752
98600	0.008596	0.005768	736	0.001989	0.004256	0.007445	0.011659	0.016662
98700	0.008608	0.005756	734	0.002003	0.004279	0.007445	0.011621	0.016475
98800	0.008592	0.005750	734	0.001979	0.004318	0.007473	0.011599	0.016703
98900	0.008585	0.005741	733	0.001997	0.004289	0.007392	0.011530	0.016445
99000	0.008570	0.005738	733	0.002014	0.004265	0.007450	0.011485	0.016596
99100	0.008558	0.005732	733	0.002013	0.004273	0.007472	0.011491	0.016345
99200	0.008558	0.005718	732	0.002013	0.004275	0.007565	0.011464	0.016317
99300	0.008545	0.005707	732	0.002025	0.004280	0.007588	0.011465	0.016295
99400	0.008529	0.005697	732	0.001982	0.004249	0.007622	0.011495	0.016281
99500	0.008513	0.005687	732	0.002030	0.004238	0.007630	0.011469	0.016270
99600	0.008494	0.005678	732	0.001996	0.004221	0.007628	0.011455	0.016148
99700	0.008477	0.005675	732	0.001986	0.004317	0.007575	0.011579	0.016098
99800	0.008460	0.005674	732	0.001962	0.004289	0.007618	0.011541	0.016041
99900	0.008454	0.005673	731	0.001925	0.004344	0.007661	0.011627	0.016107
100000	0.008446	0.005667	730	0.001985	0.004297	0.007578	0.011592	0.016068
