dist	ua18_artificial_av	ua18_artificial_stdev	count	10%quant	25%quant	50%quant	75%quant	90%quant
0	1.000000	0.000000	786	1.000000	1.000000	1.000000	1.000000	1.000000
100	0.990024	0.014878	786	0.978212	0.987715	0.993478	0.997371	0.999713
200	0.981960	0.028334	786	0.958571	0.977365	0.989346	0.996261	0.999494
300	0.974673	0.035069	786	0.938786	0.966790	0.985144	0.995248	0.999493
400	0.967445	0.042626	786	0.918381	0.956148	0.980901	0.994177	0.999493
500	0.960249	0.050813	786	0.898102	0.945688	0.976800	0.993127	0.999493
600	0.953315	0.057389	786	0.878170	0.934688	0.972686	0.992142	0.999493
700	0.946516	0.063989	786	0.861370	0.924155	0.968199	0.991005	0.999493
800	0.939724	0.070738	786	0.847233	0.913149	0.964027	0.990027	0.999493
900	0.933014	0.077063	786	0.831840	0.902622	0.958847	0.988957	0.999493
1000	0.926799	0.082576	786	0.809246	0.893790	0.954338	0.987730	0.999493
1100	0.921267	0.087549	786	0.796886	0.885346	0.950861	0.986144	0.999493
1200	0.916251	0.091841	786	0.788019	0.878425	0.946040	0.984561	0.999143
1300	0.911446	0.095417	786	0.775993	0.871006	0.942003	0.983097	0.998217
1400	0.906728	0.098727	786	0.768131	0.862930	0.938839	0.980260	0.997372
1500	0.902070	0.101987	786	0.763866	0.855742	0.934833	0.978199	0.997371
1600	0.897564	0.104838	786	0.751086	0.852153	0.929326	0.975007	0.997093
1700	0.893027	0.107435	786	0.739746	0.843042	0.925191	0.971392	0.996348
1800	0.888727	0.110098	786	0.735206	0.840541	0.921800	0.969523	0.995732
1900	0.884611	0.112897	786	0.730508	0.838097	0.917743	0.966988	0.994740
2000	0.880630	0.115772	786	0.723724	0.826163	0.914215	0.964898	0.993283
2100	0.876936	0.118025	786	0.721046	0.821947	0.913151	0.962472	0.991638
2200	0.873492	0.120093	786	0.713668	0.820786	0.909986	0.960879	0.989761
2300	0.870304	0.121762	786	0.709118	0.811921	0.907408	0.958296	0.987730
2400	0.867342	0.123260	786	0.702300	0.811171	0.905175	0.957549	0.985686
2500	0.864340	0.124729	786	0.697592	0.801533	0.901013	0.956593	0.983395
2600	0.861498	0.126073	786	0.692074	0.798660	0.897734	0.955079	0.981012
2700	0.858538	0.127647	786	0.684397	0.796517	0.894961	0.952205	0.979633
2800	0.855476	0.129071	786	0.676123	0.792913	0.893835	0.949904	0.978906
2900	0.852513	0.130235	786	0.666370	0.789965	0.888694	0.949193	0.978801
3000	0.849595	0.131395	786	0.662370	0.783417	0.887952	0.948058	0.977559
3100	0.846757	0.132634	786	0.661216	0.780163	0.883474	0.948436	0.975688
3200	0.844049	0.133829	786	0.653108	0.778159	0.879131	0.948216	0.974986
3300	0.841328	0.134978	786	0.642899	0.774690	0.879197	0.945407	0.974239
3400	0.838641	0.135886	786	0.637190	0.771619	0.877087	0.942497	0.973699
3500	0.836177	0.136492	786	0.637497	0.768472	0.872489	0.939678	0.973298
3600	0.833733	0.137289	786	0.633678	0.767059	0.867502	0.936075	0.973064
3700	0.831357	0.138234	786	0.628569	0.765165	0.866322	0.933988	0.971171
3800	0.828881	0.139562	786	0.622826	0.758825	0.865042	0.934330	0.969961
3900	0.826678	0.140687	786	0.620073	0.756388	0.864403	0.933116	0.971384
4000	0.824528	0.141560	786	0.615825	0.752170	0.860686	0.931390	0.969734
4100	0.822414	0.142350	786	0.611577	0.749294	0.860766	0.930847	0.968494
4200	0.820230	0.143160	786	0.607329	0.749017	0.860843	0.929251	0.967955
4300	0.818138	0.143637	786	0.605933	0.745373	0.860254	0.927878	0.966855
4400	0.816134	0.143918	786	0.605783	0.744707	0.854471	0.925730	0.965603
4500	0.814097	0.144224	786	0.606248	0.742003	0.852567	0.923227	0.964330
4600	0.812295	0.144411	786	0.605482	0.736474	0.851799	0.922312	0.961952
4700	0.810593	0.144675	786	0.606146	0.731442	0.848329	0.920858	0.961624
4800	0.808904	0.144957	786	0.603855	0.731228	0.844994	0.918591	0.960107
4900	0.807064	0.145258	786	0.607015	0.731795	0.841689	0.917227	0.959393
5000	0.805311	0.145335	786	0.603105	0.727262	0.841325	0.916389	0.956283
5100	0.803617	0.145550	786	0.601539	0.725866	0.837409	0.914407	0.954973
5200	0.801793	0.145867	786	0.602216	0.723937	0.836043	0.912344	0.954700
5300	0.799827	0.146092	786	0.599430	0.723812	0.834329	0.909488	0.954929
5400	0.797813	0.146297	786	0.594198	0.724886	0.831671	0.907750	0.954066
5500	0.795765	0.146695	786	0.585894	0.719678	0.828548	0.906286	0.951242
5600	0.793821	0.147016	786	0.584038	0.717245	0.826152	0.902995	0.947958
5700	0.792017	0.147344	786	0.586241	0.716237	0.824512	0.902109	0.946424
5800	0.790332	0.147628	786	0.585036	0.715657	0.822900	0.901360	0.945308
5900	0.788685	0.147826	786	0.575995	0.710465	0.820492	0.899919	0.943948
6000	0.786845	0.148080	786	0.572791	0.707613	0.818436	0.897908	0.940048
6100	0.784856	0.148424	786	0.565562	0.706439	0.816945	0.897967	0.939340
6200	0.782943	0.148929	786	0.561190	0.705839	0.815760	0.893240	0.938504
6300	0.781095	0.149400	786	0.559998	0.700279	0.814793	0.891692	0.937910
6400	0.779351	0.149691	786	0.558806	0.698930	0.813862	0.890113	0.938867
6500	0.777420	0.150017	786	0.557359	0.698531	0.811098	0.887036	0.937700
6600	0.775462	0.150217	786	0.556422	0.699499	0.808911	0.884247	0.935833
6700	0.773408	0.150642	786	0.555230	0.695882	0.808278	0.882806	0.933863
6800	0.771355	0.150944	786	0.550019	0.692688	0.806846	0.882879	0.933363
6900	0.769235	0.151261	786	0.551427	0.687251	0.803672	0.879898	0.934234
7000	0.767100	0.151551	786	0.549810	0.684299	0.804395	0.879990	0.933582
7100	0.765028	0.151797	786	0.549488	0.679967	0.800480	0.879320	0.931234
7200	0.762986	0.152029	786	0.549269	0.677883	0.797980	0.878865	0.929293
7300	0.761048	0.152167	786	0.548077	0.671230	0.796721	0.876195	0.926561
7400	0.759104	0.152418	786	0.547509	0.666002	0.795117	0.873712	0.926175
7500	0.757326	0.152484	786	0.545693	0.663552	0.793247	0.871979	0.925439
7600	0.755570	0.152571	786	0.544501	0.662622	0.791861	0.867860	0.926073
7700	0.753813	0.152665	786	0.535430	0.663147	0.790392	0.867318	0.923686
7800	0.752031	0.152917	786	0.535203	0.660192	0.787463	0.865356	0.922792
7900	0.750124	0.153177	786	0.532421	0.662527	0.784130	0.863142	0.921516
8000	0.748106	0.153445	786	0.526507	0.658495	0.784065	0.861783	0.921307
8100	0.745982	0.153881	786	0.521783	0.651327	0.781278	0.860850	0.920649
8200	0.743801	0.154334	786	0.522332	0.646532	0.779103	0.858076	0.915965
8300	0.741793	0.154654	786	0.521820	0.643398	0.778841	0.855396	0.916879
8400	0.739651	0.155018	786	0.516512	0.641973	0.776505	0.853553	0.913967
8500	0.737430	0.155422	786	0.511267	0.638733	0.772830	0.852033	0.915692
8600	0.735063	0.155939	786	0.505318	0.635205	0.768953	0.851435	0.912021
8700	0.732589	0.156481	786	0.498404	0.631431	0.765034	0.848588	0.910268
8800	0.730245	0.157066	786	0.496262	0.627613	0.761968	0.848384	0.908386
8900	0.727793	0.157514	786	0.488025	0.623786	0.758158	0.846482	0.907678
9000	0.725312	0.157895	786	0.488869	0.618747	0.754819	0.842969	0.907523
9100	0.722807	0.158325	786	0.488106	0.616053	0.751025	0.842982	0.906039
9200	0.720344	0.158670	786	0.484402	0.616351	0.747282	0.841426	0.902977
9300	0.717855	0.158912	786	0.482429	0.616179	0.745314	0.837376	0.901035
9400	0.715412	0.159067	786	0.479055	0.613053	0.743490	0.836837	0.900485
9500	0.712905	0.159336	786	0.477141	0.609170	0.740736	0.834488	0.900712
9600	0.710330	0.159598	786	0.472892	0.603635	0.736903	0.832670	0.898450
9700	0.707766	0.159816	786	0.466701	0.601334	0.735127	0.831617	0.897070
9800	0.705329	0.159919	786	0.467030	0.599127	0.731107	0.829269	0.895727
9900	0.702977	0.160069	786	0.464185	0.594073	0.727804	0.827993	0.891980
10000	0.700534	0.160260	786	0.462871	0.590783	0.724362	0.824423	0.890344
10100	0.698200	0.160357	786	0.462968	0.586600	0.723190	0.822951	0.889315
10200	0.695898	0.160410	786	0.458643	0.584936	0.720743	0.820099	0.886190
10300	0.693623	0.160380	786	0.458715	0.582794	0.720381	0.816694	0.885008
10400	0.691320	0.160336	786	0.456588	0.581304	0.718786	0.814378	0.882816
10500	0.688983	0.160274	786	0.454462	0.579833	0.715510	0.813233	0.881135
10600	0.686457	0.160195	786	0.450295	0.576596	0.710959	0.811878	0.878326
10700	0.683922	0.160211	786	0.447280	0.576892	0.706907	0.809580	0.875276
10800	0.681277	0.160475	786	0.440883	0.574882	0.703589	0.807728	0.874208
10900	0.678781	0.160753	786	0.440197	0.571622	0.698083	0.807493	0.870257
11000	0.676212	0.161103	786	0.443441	0.571337	0.696017	0.803924	0.870141
11100	0.673721	0.161337	786	0.442965	0.566698	0.692644	0.802195	0.867658
11200	0.671191	0.161424	786	0.440100	0.563370	0.687265	0.798755	0.868217
11300	0.668555	0.161475	786	0.438688	0.560675	0.686937	0.795429	0.864941
11400	0.665805	0.161669	786	0.436636	0.558101	0.685495	0.792877	0.861601
11500	0.663178	0.161915	786	0.433344	0.554701	0.683489	0.790508	0.858628
11600	0.660565	0.162086	786	0.428048	0.551517	0.681567	0.786521	0.856325
11700	0.657920	0.162162	786	0.424521	0.548011	0.676375	0.782648	0.852849
11800	0.655172	0.162192	786	0.421794	0.545040	0.673849	0.779223	0.849426
11900	0.652559	0.162151	786	0.416706	0.542976	0.670944	0.775810	0.849004
12000	0.650059	0.162079	786	0.415400	0.542098	0.667193	0.776267	0.848380
12100	0.647497	0.162048	786	0.411334	0.539362	0.661404	0.773360	0.844882
12200	0.644871	0.161983	786	0.412132	0.533987	0.661029	0.769633	0.842376
12300	0.642280	0.161870	786	0.410045	0.530131	0.657120	0.768367	0.842142
12400	0.639700	0.161850	786	0.406505	0.530545	0.653136	0.765219	0.838074
12500	0.637041	0.162053	786	0.406561	0.527293	0.652190	0.764282	0.837163
12600	0.634494	0.162232	786	0.409454	0.520354	0.649607	0.764875	0.833335
12700	0.632073	0.162514	786	0.404970	0.518964	0.649081	0.762926	0.833432
12800	0.629609	0.162775	786	0.401897	0.515989	0.645733	0.757848	0.832439
12900	0.627124	0.163024	786	0.397091	0.512740	0.643148	0.757087	0.830585
13000	0.624690	0.163256	786	0.396058	0.512090	0.639503	0.755433	0.828678
13100	0.622255	0.163481	786	0.391450	0.510921	0.636168	0.752651	0.826605
13200	0.619723	0.163676	786	0.387107	0.507144	0.633607	0.750686	0.827009
13300	0.617097	0.163940	786	0.381403	0.503580	0.627632	0.747087	0.822731
13400	0.614568	0.164244	786	0.379227	0.499767	0.625384	0.743370	0.818886
13500	0.612097	0.164534	786	0.378362	0.499551	0.622004	0.740975	0.815821
13600	0.609655	0.164744	786	0.370925	0.498581	0.619333	0.739714	0.812358
13700	0.607153	0.164937	786	0.368453	0.495334	0.617095	0.737685	0.811335
13800	0.604652	0.164958	786	0.366131	0.492215	0.615655	0.736083	0.811570
13900	0.602057	0.164952	786	0.363810	0.488242	0.613681	0.733780	0.808689
14000	0.599419	0.164948	786	0.361624	0.485046	0.610382	0.730984	0.806202
14100	0.596776	0.164890	786	0.359956	0.481811	0.607173	0.731516	0.803160
14200	0.594094	0.164814	786	0.358012	0.478226	0.605000	0.727621	0.800980
14300	0.591387	0.164703	786	0.354946	0.476340	0.603097	0.725017	0.799512
14400	0.588775	0.164600	786	0.354606	0.476156	0.600886	0.721445	0.795660
14500	0.586155	0.164592	786	0.351642	0.474622	0.600478	0.718302	0.794722
14600	0.583439	0.164746	786	0.350319	0.472173	0.599114	0.714482	0.792523
14700	0.580590	0.164946	786	0.349000	0.468919	0.598110	0.711270	0.789917
14800	0.577656	0.165128	786	0.345869	0.462662	0.593777	0.707491	0.786641
14900	0.574734	0.165221	786	0.343445	0.455380	0.588674	0.703639	0.785874
15000	0.571837	0.165204	786	0.342493	0.452817	0.586090	0.699765	0.783284
15100	0.568972	0.165221	786	0.337414	0.448060	0.585123	0.695183	0.779804
15200	0.566128	0.165246	786	0.331602	0.441407	0.579846	0.690361	0.777308
15300	0.563405	0.165176	786	0.328411	0.440849	0.577480	0.688412	0.774000
15400	0.560707	0.165087	786	0.326338	0.438634	0.574970	0.684544	0.771159
15500	0.557901	0.165010	786	0.325982	0.436967	0.573425	0.682262	0.769284
15600	0.555088	0.164859	786	0.326472	0.435969	0.569645	0.677230	0.767600
15700	0.552316	0.164608	786	0.323140	0.432442	0.565655	0.674423	0.766360
15800	0.549540	0.164240	786	0.317477	0.431029	0.559771	0.672086	0.763551
15900	0.546739	0.163887	786	0.314924	0.431120	0.555890	0.669862	0.761295
16000	0.544027	0.163430	786	0.310626	0.430452	0.551593	0.666183	0.756825
16100	0.541219	0.163087	786	0.307930	0.428491	0.548137	0.662899	0.752715
16200	0.538577	0.162681	786	0.304813	0.423864	0.545786	0.656913	0.748606
16300	0.536047	0.162298	786	0.301396	0.421407	0.543939	0.655728	0.744512
16400	0.533673	0.161898	786	0.298969	0.421122	0.541728	0.653519	0.743025
16500	0.531280	0.161510	786	0.298639	0.419450	0.537768	0.652197	0.739586
16600	0.528807	0.161029	786	0.297168	0.416034	0.537464	0.649512	0.732389
16700	0.526336	0.160593	786	0.298356	0.412657	0.533049	0.647308	0.732275
16800	0.523765	0.160294	786	0.296214	0.409809	0.527246	0.643144	0.727439
16900	0.521200	0.160108	786	0.292829	0.409140	0.521346	0.638618	0.727303
17000	0.518618	0.159895	786	0.290138	0.408616	0.518357	0.635583	0.727260
17100	0.516058	0.159557	786	0.288771	0.406505	0.516426	0.633091	0.726153
17200	0.513475	0.159104	786	0.285909	0.406743	0.513582	0.630833	0.722988
17300	0.510865	0.158729	786	0.284023	0.406474	0.510463	0.630120	0.719500
17400	0.508135	0.158329	786	0.285647	0.404088	0.507430	0.623945	0.715972
17500	0.505406	0.157880	786	0.283789	0.400506	0.502940	0.620884	0.711712
17600	0.502626	0.157558	786	0.284470	0.400386	0.500445	0.616080	0.706786
17700	0.499971	0.157132	786	0.281018	0.398774	0.495007	0.613084	0.703393
17800	0.497289	0.156651	786	0.281092	0.396850	0.494219	0.608057	0.701724
17900	0.494685	0.156208	786	0.278469	0.393473	0.489581	0.606476	0.700397
18000	0.492118	0.155757	786	0.275855	0.390665	0.489946	0.604548	0.697967
18100	0.489509	0.155254	786	0.273447	0.386170	0.489512	0.600470	0.696088
18200	0.486927	0.154771	786	0.270371	0.385967	0.487616	0.598147	0.690172
18300	0.484317	0.154312	786	0.266925	0.380568	0.486392	0.595101	0.687996
18400	0.481686	0.153869	786	0.264894	0.376118	0.483934	0.591746	0.685563
18500	0.479150	0.153341	786	0.265864	0.373636	0.481161	0.589208	0.684404
18600	0.476646	0.152825	786	0.265535	0.373530	0.479422	0.586823	0.682747
18700	0.474172	0.152251	786	0.264359	0.374060	0.476808	0.581296	0.679863
18800	0.471832	0.151717	786	0.262916	0.371938	0.475360	0.575100	0.677844
18900	0.469398	0.151313	786	0.260587	0.368874	0.472749	0.569475	0.674445
19000	0.467014	0.150916	786	0.258241	0.366209	0.469995	0.569261	0.670397
19100	0.464604	0.150473	786	0.256555	0.362512	0.465875	0.566903	0.667648
19200	0.462009	0.149940	786	0.249913	0.362157	0.463904	0.564860	0.664250
19300	0.459402	0.149410	786	0.248902	0.359890	0.461734	0.561672	0.658617
19400	0.456917	0.148854	786	0.248094	0.358461	0.459752	0.556794	0.655846
19500	0.454519	0.148283	786	0.247311	0.356270	0.457067	0.554914	0.652533
19600	0.452235	0.147758	786	0.246912	0.354349	0.454494	0.553520	0.645872
19700	0.449871	0.147231	786	0.244171	0.351937	0.452443	0.552848	0.646035
19800	0.447552	0.146690	786	0.244861	0.348298	0.451663	0.549991	0.640495
19900	0.445226	0.146160	786	0.244843	0.347840	0.450339	0.547188	0.637086
20000	0.442982	0.145631	786	0.242827	0.345141	0.448242	0.543520	0.632485
20100	0.440733	0.145090	786	0.241890	0.339776	0.447813	0.539270	0.627951
20200	0.438560	0.144547	786	0.241111	0.336819	0.445718	0.536441	0.623719
20300	0.436396	0.144100	786	0.240717	0.335666	0.440983	0.532374	0.621457
20400	0.434242	0.143593	786	0.240239	0.334856	0.440648	0.531251	0.617146
20500	0.431998	0.143078	786	0.238050	0.332305	0.437486	0.531489	0.614638
20600	0.429784	0.142447	786	0.237269	0.329787	0.434324	0.528779	0.609779
20700	0.427633	0.141870	786	0.234142	0.328623	0.434005	0.527185	0.605529
20800	0.425341	0.141245	786	0.234313	0.326590	0.431037	0.525141	0.602467
20900	0.423138	0.140824	786	0.231264	0.324710	0.425510	0.520681	0.602250
21000	0.420855	0.140332	786	0.230147	0.323249	0.424180	0.517261	0.598947
21100	0.418522	0.139926	786	0.227245	0.321756	0.420994	0.513089	0.596837
21200	0.416180	0.139490	786	0.226028	0.320167	0.418748	0.510434	0.594947
21300	0.413890	0.139043	786	0.225774	0.318864	0.415757	0.507423	0.594143
21400	0.411566	0.138611	786	0.224289	0.317402	0.415867	0.505730	0.593850
21500	0.409197	0.138222	786	0.222077	0.314306	0.413106	0.503637	0.590110
21600	0.406883	0.137901	786	0.219873	0.313236	0.408989	0.500220	0.588275
21700	0.404570	0.137560	786	0.221455	0.310771	0.404546	0.499026	0.586293
21800	0.402272	0.137250	786	0.219616	0.307776	0.399853	0.492245	0.583930
21900	0.400009	0.136959	786	0.219231	0.305630	0.397375	0.489737	0.581095
22000	0.397860	0.136635	786	0.216819	0.302595	0.396711	0.489266	0.578588
22100	0.395829	0.136277	786	0.215435	0.300470	0.393869	0.488267	0.574379
22200	0.393790	0.135938	786	0.213864	0.297912	0.390642	0.486445	0.572057
22300	0.391788	0.135522	786	0.213190	0.296742	0.389648	0.485050	0.571536
22400	0.389929	0.135077	786	0.211150	0.295388	0.387455	0.484474	0.570108
22500	0.387971	0.134619	786	0.210175	0.294483	0.387103	0.481544	0.566322
22600	0.385935	0.134059	786	0.207871	0.292626	0.383758	0.479033	0.563375
22700	0.383908	0.133517	786	0.206649	0.290768	0.380392	0.475888	0.560068
22800	0.381770	0.133043	786	0.205466	0.288910	0.379010	0.473733	0.556023
22900	0.379748	0.132553	786	0.205210	0.286438	0.377113	0.471063	0.552860
23000	0.377763	0.131987	786	0.202315	0.285246	0.374546	0.467044	0.549770
23100	0.375797	0.131368	786	0.201256	0.283301	0.372395	0.465052	0.546356
23200	0.373855	0.130729	786	0.199260	0.283073	0.369595	0.463955	0.543986
23300	0.371864	0.130130	786	0.202244	0.281081	0.367338	0.460725	0.541615
23400	0.369862	0.129522	786	0.197585	0.277396	0.364440	0.458222	0.535966
23500	0.367813	0.128897	786	0.197626	0.275464	0.361159	0.455956	0.533592
23600	0.365759	0.128263	786	0.198958	0.273682	0.358222	0.453231	0.532294
23700	0.363674	0.127704	786	0.198521	0.273175	0.356096	0.450420	0.527389
23800	0.361659	0.127073	786	0.195537	0.271637	0.355684	0.447448	0.526265
23900	0.359678	0.126477	786	0.194390	0.270412	0.355037	0.444919	0.521657
24000	0.357759	0.125932	786	0.194596	0.269103	0.353477	0.443583	0.517852
24100	0.355941	0.125418	786	0.194106	0.268303	0.352262	0.441458	0.516181
24200	0.354178	0.124845	786	0.192814	0.267872	0.350183	0.438128	0.513243
24300	0.352394	0.124247	786	0.191356	0.264888	0.348057	0.436649	0.511344
24400	0.350517	0.123619	786	0.190150	0.262720	0.346459	0.432529	0.507448
24500	0.348624	0.123006	786	0.191236	0.261924	0.343050	0.429665	0.505678
24600	0.346707	0.122429	786	0.189127	0.261165	0.340639	0.427248	0.502975
24700	0.344768	0.121955	786	0.188658	0.259629	0.340512	0.423739	0.498121
24800	0.342938	0.121518	786	0.186245	0.258364	0.341736	0.421584	0.494083
24900	0.341143	0.121012	786	0.186079	0.256197	0.339872	0.419826	0.492393
25000	0.339295	0.120457	786	0.186263	0.254989	0.337198	0.418299	0.487337
25100	0.337504	0.119897	786	0.187588	0.252542	0.334980	0.415286	0.484273
25200	0.335698	0.119352	786	0.185934	0.251469	0.334937	0.411691	0.480878
25300	0.333849	0.118822	786	0.186268	0.249762	0.331934	0.406723	0.479172
25400	0.331995	0.118305	786	0.181717	0.247669	0.329445	0.406549	0.476703
25500	0.330162	0.117780	786	0.180280	0.247292	0.327368	0.405084	0.476030
25600	0.328375	0.117232	786	0.178654	0.244104	0.325300	0.403035	0.476486
25700	0.326583	0.116714	786	0.177261	0.240678	0.323295	0.401543	0.476624
25800	0.324824	0.116217	786	0.174799	0.240045	0.321021	0.397791	0.476260
25900	0.323078	0.115762	786	0.172718	0.239630	0.320288	0.395564	0.476777
26000	0.321413	0.115382	786	0.171661	0.239517	0.317512	0.393758	0.474786
26100	0.319722	0.115002	786	0.170732	0.237878	0.317114	0.390802	0.471264
26200	0.318021	0.114559	786	0.170944	0.235945	0.316381	0.388875	0.467743
26300	0.316280	0.114119	786	0.169974	0.233733	0.315323	0.387110	0.464457
26400	0.314508	0.113695	786	0.170002	0.232589	0.312866	0.384610	0.461645
26500	0.312804	0.113246	786	0.169033	0.231844	0.312354	0.381518	0.458387
26600	0.311156	0.112797	786	0.167813	0.231313	0.310710	0.380279	0.455099
26700	0.309527	0.112408	786	0.167200	0.230396	0.308002	0.377883	0.450949
26800	0.307932	0.112037	786	0.165739	0.230618	0.306307	0.375555	0.449876
26900	0.306372	0.111704	786	0.164153	0.230344	0.305719	0.374937	0.448255
27000	0.304827	0.111326	786	0.161305	0.229534	0.302432	0.372842	0.445265
27100	0.303314	0.110944	786	0.161713	0.226316	0.297468	0.371542	0.441471
27200	0.301874	0.110547	786	0.159394	0.223583	0.294450	0.369840	0.439448
27300	0.300391	0.110122	786	0.158941	0.222194	0.294516	0.366220	0.440188
27400	0.298963	0.109689	786	0.159033	0.219751	0.291268	0.366580	0.439557
27500	0.297520	0.109293	786	0.158036	0.219567	0.291536	0.365396	0.441004
27600	0.296080	0.108891	786	0.157886	0.219677	0.289182	0.363361	0.437920
27700	0.294653	0.108530	786	0.155851	0.219283	0.289233	0.360045	0.434433
27800	0.293235	0.108191	786	0.156321	0.217830	0.288892	0.357038	0.433784
27900	0.291814	0.107794	786	0.156786	0.217890	0.288644	0.355396	0.430679
28000	0.290432	0.107427	786	0.154808	0.216884	0.286475	0.354233	0.427382
28100	0.289065	0.107103	786	0.155092	0.214325	0.284134	0.353562	0.424545
28200	0.287697	0.106754	786	0.154032	0.213052	0.283645	0.350873	0.424321
28300	0.286381	0.106303	786	0.152122	0.212200	0.283662	0.350673	0.423247
28400	0.285048	0.105803	786	0.153200	0.212086	0.283077	0.349115	0.421411
28500	0.283701	0.105309	786	0.154013	0.209703	0.282389	0.347080	0.419945
28600	0.282451	0.104891	786	0.154896	0.209020	0.280336	0.347628	0.415786
28700	0.281248	0.104538	786	0.153356	0.208175	0.279001	0.345526	0.412553
28800	0.280043	0.104219	786	0.153294	0.206814	0.277581	0.344640	0.410718
28900	0.278832	0.103934	786	0.151142	0.204787	0.275040	0.342341	0.408700
29000	0.277684	0.103679	786	0.148998	0.203681	0.272985	0.339855	0.408327
29100	0.276654	0.103497	786	0.148434	0.202636	0.274174	0.339069	0.407581
29200	0.275567	0.103317	786	0.146271	0.201576	0.273455	0.337479	0.407298
29300	0.274389	0.103127	786	0.146505	0.199917	0.272737	0.336644	0.406203
29400	0.273169	0.102920	786	0.146063	0.198701	0.271121	0.336342	0.404216
29500	0.271950	0.102695	786	0.145165	0.197812	0.269680	0.335286	0.401532
29600	0.270741	0.102421	786	0.144897	0.197256	0.268263	0.332357	0.400070
29700	0.269473	0.102114	786	0.143949	0.196833	0.265902	0.331121	0.399030
29800	0.268127	0.101795	786	0.144092	0.195039	0.264179	0.329399	0.398337
29900	0.266714	0.101411	786	0.142335	0.194813	0.263384	0.328780	0.397635
30000	0.265281	0.100918	786	0.141984	0.193723	0.262240	0.327961	0.394443
30100	0.263860	0.100364	786	0.141572	0.194267	0.259814	0.326362	0.389492
30200	0.262453	0.099791	786	0.139613	0.192804	0.257175	0.324256	0.387533
30300	0.261068	0.099232	786	0.138576	0.191811	0.256283	0.322151	0.387699
30400	0.259782	0.098763	786	0.137048	0.190621	0.255483	0.320910	0.386027
30500	0.258497	0.098285	786	0.135903	0.190558	0.253081	0.319867	0.383194
30600	0.257228	0.097937	786	0.136355	0.187821	0.250270	0.319001	0.382941
30700	0.255956	0.097571	786	0.136616	0.186806	0.249267	0.319559	0.379640
30800	0.254732	0.097255	786	0.136101	0.185130	0.248438	0.317560	0.376282
30900	0.253564	0.096901	786	0.135317	0.184039	0.248068	0.315888	0.374845
31000	0.252395	0.096456	786	0.135146	0.183201	0.247134	0.311240	0.373986
31100	0.251237	0.095970	786	0.134656	0.181547	0.245422	0.309240	0.371713
31200	0.250052	0.095521	786	0.134218	0.181577	0.245701	0.308222	0.369711
31300	0.248842	0.095088	786	0.132856	0.181067	0.244954	0.306207	0.369722
31400	0.247670	0.094628	786	0.132525	0.180028	0.243261	0.305970	0.371758
31500	0.246580	0.094161	786	0.131999	0.179539	0.241922	0.304911	0.370427
31600	0.245458	0.093715	786	0.132332	0.179412	0.239410	0.303845	0.368262
31700	0.244383	0.093359	786	0.130448	0.179011	0.239114	0.302585	0.369382
31800	0.243271	0.093008	786	0.126856	0.178898	0.238787	0.299566	0.370002
31900	0.242188	0.092665	786	0.126789	0.178239	0.237043	0.298252	0.370209
32000	0.241011	0.092348	786	0.124526	0.178757	0.236348	0.296526	0.367676
32100	0.239882	0.092095	786	0.124419	0.177631	0.234844	0.296612	0.366537
32200	0.238799	0.091881	786	0.125068	0.176738	0.232860	0.294622	0.365047
32300	0.237742	0.091742	786	0.123273	0.175813	0.231201	0.293272	0.364623
32400	0.236750	0.091656	786	0.122679	0.176274	0.230061	0.292180	0.361944
32500	0.235661	0.091527	786	0.122263	0.174919	0.228532	0.291496	0.363215
32600	0.234567	0.091340	786	0.120308	0.172808	0.226803	0.290179	0.360508
32700	0.233497	0.091022	786	0.119802	0.171594	0.227608	0.290093	0.360518
32800	0.232548	0.090756	786	0.118336	0.170579	0.226348	0.289642	0.356569
32900	0.231566	0.090582	786	0.117377	0.169338	0.223896	0.289842	0.355037
33000	0.230585	0.090424	786	0.117819	0.168689	0.222354	0.290473	0.352548
33100	0.229680	0.090230	786	0.116780	0.167428	0.222791	0.288857	0.348506
33200	0.228769	0.090085	786	0.117240	0.166391	0.221250	0.287128	0.347149
33300	0.227823	0.089880	786	0.116898	0.164407	0.220215	0.285307	0.344615
33400	0.226932	0.089686	786	0.117700	0.163306	0.218679	0.284985	0.345339
33500	0.226077	0.089601	786	0.117456	0.162425	0.217741	0.283609	0.344999
33600	0.225222	0.089539	786	0.117205	0.161367	0.216685	0.281801	0.345121
33700	0.224444	0.089470	786	0.116954	0.160575	0.216649	0.280991	0.344482
33800	0.223617	0.089424	786	0.115487	0.159575	0.215630	0.279093	0.344330
33900	0.222780	0.089381	786	0.113371	0.158449	0.214670	0.277506	0.341952
34000	0.221903	0.089316	786	0.111889	0.159216	0.213314	0.277626	0.340637
34100	0.220980	0.089141	786	0.111122	0.158395	0.211755	0.276634	0.340469
34200	0.220050	0.088913	786	0.109748	0.158189	0.211243	0.275526	0.336626
34300	0.219167	0.088681	786	0.109551	0.156836	0.209095	0.272303	0.336075
34400	0.218220	0.088406	786	0.109162	0.156052	0.207902	0.272138	0.334047
34500	0.217243	0.088162	786	0.107576	0.155520	0.207138	0.272390	0.330465
34600	0.216311	0.087925	786	0.107433	0.154861	0.206665	0.271269	0.327001
34700	0.215370	0.087702	786	0.106359	0.155012	0.205965	0.270437	0.325635
34800	0.214450	0.087443	786	0.103810	0.154115	0.204876	0.271017	0.327930
34900	0.213547	0.087164	786	0.102421	0.154017	0.203599	0.270179	0.327323
35000	0.212638	0.086899	786	0.101592	0.153523	0.202891	0.268593	0.325251
35100	0.211726	0.086629	786	0.101536	0.153482	0.201780	0.266383	0.323499
35200	0.210848	0.086339	786	0.100657	0.153913	0.200153	0.265650	0.322480
35300	0.209952	0.086091	786	0.100975	0.154693	0.199579	0.264600	0.319993
35400	0.209163	0.085825	786	0.099881	0.152734	0.198871	0.263605	0.318130
35500	0.208439	0.085517	786	0.099229	0.152267	0.197999	0.264481	0.317332
35600	0.207730	0.085177	786	0.099105	0.151866	0.196935	0.262863	0.316796
35700	0.207014	0.084933	786	0.098757	0.150845	0.196700	0.260858	0.315703
35800	0.206244	0.084698	786	0.099226	0.150908	0.195740	0.259914	0.316247
35900	0.205472	0.084491	786	0.098553	0.149576	0.196149	0.259099	0.313087
36000	0.204642	0.084271	786	0.098517	0.148357	0.195717	0.258077	0.313806
36100	0.203781	0.084079	786	0.098845	0.148129	0.194720	0.256966	0.312290
36200	0.202974	0.083881	786	0.098972	0.145791	0.193465	0.254597	0.309508
36300	0.202112	0.083598	786	0.097850	0.144067	0.192912	0.253661	0.308441
36400	0.201293	0.083367	786	0.096875	0.142622	0.193043	0.252973	0.306177
36500	0.200496	0.083166	786	0.097489	0.142455	0.193072	0.251905	0.305567
36600	0.199702	0.083024	786	0.098219	0.140827	0.191674	0.250791	0.306082
36700	0.198872	0.082874	786	0.097031	0.140259	0.191939	0.249665	0.305804
36800	0.198021	0.082702	786	0.096081	0.140348	0.191909	0.248746	0.305104
36900	0.197168	0.082508	786	0.094911	0.138874	0.191862	0.247943	0.304914
37000	0.196336	0.082310	786	0.093536	0.136751	0.190720	0.247131	0.303430
37100	0.195523	0.082165	786	0.094493	0.136461	0.189119	0.244067	0.304564
37200	0.194744	0.082027	786	0.095202	0.135038	0.187692	0.243466	0.305358
37300	0.193990	0.081903	786	0.094836	0.134268	0.187913	0.243104	0.305098
37400	0.193218	0.081764	786	0.094160	0.134373	0.187319	0.242351	0.307140
37500	0.192497	0.081618	786	0.093714	0.133787	0.185905	0.242558	0.308256
37600	0.191772	0.081456	786	0.093218	0.133767	0.184514	0.242269	0.306134
37700	0.191004	0.081221	786	0.092441	0.132773	0.184142	0.241298	0.304028
37800	0.190206	0.080940	786	0.092227	0.131872	0.182727	0.240562	0.301615
37900	0.189502	0.080640	786	0.091156	0.130458	0.182687	0.239363	0.299513
38000	0.188716	0.080322	786	0.090574	0.129858	0.181024	0.236665	0.296426
38100	0.188000	0.080047	786	0.090857	0.129235	0.180041	0.236146	0.293732
38200	0.187245	0.079754	786	0.090243	0.128761	0.179652	0.235625	0.296505
38300	0.186543	0.079478	786	0.090820	0.127889	0.179675	0.235643	0.294881
38400	0.185785	0.079211	786	0.090895	0.127532	0.178884	0.235009	0.293516
38500	0.185062	0.078947	786	0.090420	0.127104	0.177701	0.233379	0.291366
38600	0.184396	0.078713	786	0.090048	0.126528	0.176578	0.231904	0.290784
38700	0.183723	0.078513	786	0.089241	0.126633	0.174950	0.230172	0.290756
38800	0.183058	0.078217	786	0.088877	0.125541	0.174698	0.229371	0.289620
38900	0.182384	0.077900	786	0.089183	0.124744	0.174109	0.227818	0.289039
39000	0.181732	0.077535	786	0.089493	0.125157	0.173852	0.227688	0.287555
39100	0.181101	0.077185	786	0.089656	0.125350	0.172544	0.227498	0.284061
39200	0.180484	0.076732	786	0.090112	0.123894	0.171602	0.226565	0.281023
39300	0.179900	0.076332	786	0.089966	0.124431	0.170577	0.226139	0.279416
39400	0.179351	0.076006	786	0.090056	0.125090	0.170377	0.225722	0.280029
39500	0.178822	0.075696	786	0.089235	0.124818	0.169215	0.225304	0.277185
39600	0.178245	0.075342	786	0.089224	0.125149	0.169026	0.224136	0.278750
39700	0.177639	0.074970	786	0.087513	0.124932	0.168004	0.222803	0.275905
39800	0.177039	0.074653	786	0.086958	0.124406	0.168005	0.222117	0.272790
39900	0.176443	0.074380	786	0.086876	0.124572	0.168043	0.220983	0.272533
40000	0.175838	0.074061	786	0.086075	0.124220	0.168035	0.220643	0.269998
40100	0.175217	0.073789	786	0.085634	0.124472	0.167860	0.219768	0.269313
40200	0.174660	0.073548	786	0.084875	0.123813	0.167686	0.219188	0.266838
40300	0.174086	0.073358	786	0.084136	0.123724	0.167322	0.218315	0.267958
40400	0.173566	0.073183	786	0.084775	0.123300	0.166854	0.217332	0.267570
40500	0.173075	0.073025	786	0.083548	0.122852	0.166527	0.216341	0.266775
40600	0.172620	0.072943	786	0.083884	0.122163	0.166389	0.215881	0.265708
40700	0.172129	0.072807	786	0.082857	0.121049	0.166710	0.215280	0.263664
40800	0.171608	0.072627	786	0.081904	0.120498	0.165688	0.213584	0.263673
40900	0.171092	0.072450	786	0.082048	0.119466	0.165176	0.213782	0.262730
41000	0.170588	0.072267	786	0.083045	0.118684	0.164527	0.212481	0.263936
41100	0.170100	0.072074	786	0.082331	0.118085	0.163826	0.212433	0.265208
41200	0.169609	0.071887	786	0.082416	0.118611	0.163390	0.211784	0.265851
41300	0.169124	0.071676	786	0.083056	0.118183	0.162235	0.208383	0.267473
41400	0.168645	0.071437	786	0.083011	0.118475	0.161319	0.209688	0.267353
41500	0.168188	0.071169	786	0.082731	0.119379	0.159590	0.208283	0.267573
41600	0.167667	0.070838	786	0.082418	0.118905	0.159203	0.207814	0.265671
41700	0.167134	0.070513	786	0.081230	0.118377	0.158887	0.207073	0.261867
41800	0.166576	0.070239	786	0.081011	0.118128	0.157813	0.206396	0.263258
41900	0.165980	0.069950	786	0.080893	0.118021	0.157759	0.205643	0.261003
42000	0.165350	0.069656	786	0.081240	0.118927	0.157284	0.204119	0.260165
42100	0.164720	0.069375	786	0.080601	0.119554	0.156540	0.203307	0.256120
42200	0.164157	0.069129	786	0.079876	0.118598	0.155446	0.203143	0.255267
42300	0.163590	0.068910	786	0.078754	0.117991	0.154990	0.202297	0.254676
42400	0.163036	0.068737	786	0.078603	0.116765	0.154759	0.201140	0.253978
42500	0.162537	0.068620	786	0.078830	0.116261	0.155663	0.201605	0.251701
42600	0.162031	0.068512	786	0.077984	0.116482	0.155113	0.199982	0.250725
42700	0.161500	0.068411	786	0.077989	0.115256	0.154799	0.199128	0.251118
42800	0.160924	0.068304	786	0.077813	0.114288	0.153985	0.198383	0.248863
42900	0.160323	0.068156	786	0.078274	0.114114	0.153294	0.198400	0.247923
43000	0.159763	0.067945	786	0.078556	0.113440	0.151736	0.197646	0.248741
43100	0.159214	0.067702	786	0.078498	0.112878	0.151135	0.198444	0.246563
43200	0.158709	0.067485	786	0.078068	0.111152	0.151534	0.198251	0.247101
43300	0.158230	0.067272	786	0.078495	0.110116	0.151596	0.197265	0.245359
43400	0.157744	0.067046	786	0.077433	0.109150	0.151747	0.195524	0.241896
43500	0.157233	0.066752	786	0.078193	0.109037	0.151391	0.195298	0.240631
43600	0.156807	0.066516	786	0.077707	0.108673	0.151071	0.195165	0.240757
43700	0.156348	0.066278	786	0.076169	0.108298	0.149926	0.195032	0.239899
43800	0.155872	0.066087	786	0.077235	0.106831	0.149680	0.194947	0.239308
43900	0.155381	0.065873	786	0.076916	0.106462	0.149409	0.194810	0.239449
44000	0.154858	0.065642	786	0.075546	0.106056	0.148683	0.195735	0.239590
44100	0.154348	0.065441	786	0.074805	0.106839	0.147924	0.194178	0.237614
44200	0.153775	0.065143	786	0.074570	0.105949	0.147805	0.193186	0.236838
44300	0.153211	0.064877	786	0.074344	0.106211	0.147407	0.191954	0.235325
44400	0.152649	0.064668	786	0.073725	0.105841	0.146482	0.191961	0.234756
44500	0.152077	0.064475	786	0.072682	0.105610	0.146435	0.191386	0.233969
44600	0.151538	0.064273	786	0.072382	0.104934	0.145762	0.191085	0.233955
44700	0.150959	0.064056	786	0.073308	0.104356	0.145625	0.190519	0.231506
44800	0.150429	0.063871	786	0.073073	0.104542	0.144978	0.189661	0.228693
44900	0.149937	0.063707	786	0.072509	0.103370	0.144511	0.188903	0.228289
45000	0.149502	0.063621	786	0.072322	0.104271	0.144431	0.188068	0.227904
45100	0.149036	0.063536	786	0.070746	0.104404	0.143874	0.187098	0.228872
45200	0.148639	0.063508	786	0.070552	0.104823	0.143025	0.187019	0.230189
45300	0.148204	0.063488	786	0.069319	0.104474	0.143360	0.186746	0.229895
45400	0.147777	0.063458	786	0.068942	0.103556	0.142921	0.186976	0.229489
45500	0.147418	0.063473	786	0.068263	0.102831	0.142195	0.186052	0.229990
45600	0.147042	0.063484	786	0.067541	0.102755	0.141633	0.186306	0.228702
45700	0.146655	0.063542	786	0.068682	0.102075	0.140304	0.186169	0.227682
45800	0.146298	0.063611	786	0.068711	0.102526	0.140117	0.185770	0.226451
45900	0.145968	0.063680	786	0.068188	0.101552	0.140124	0.186213	0.225877
46000	0.145602	0.063753	786	0.067876	0.101301	0.139955	0.185783	0.225781
46100	0.145245	0.063867	786	0.067076	0.100735	0.139249	0.185408	0.224955
46200	0.144869	0.063978	786	0.066978	0.100316	0.139240	0.184719	0.225342
46300	0.144482	0.064025	786	0.067093	0.099928	0.139860	0.184690	0.225883
46400	0.144055	0.064041	786	0.067901	0.099710	0.139002	0.184380	0.226425
46500	0.143613	0.064012	786	0.066972	0.098926	0.138961	0.183462	0.223719
46600	0.143178	0.063967	786	0.066177	0.098752	0.138144	0.182744	0.224296
46700	0.142751	0.063925	786	0.065580	0.098623	0.137104	0.182326	0.223689
46800	0.142324	0.063894	786	0.064562	0.098059	0.136347	0.183076	0.221183
46900	0.141918	0.063827	786	0.063887	0.097572	0.135607	0.181921	0.221806
47000	0.141508	0.063741	786	0.063757	0.097347	0.135747	0.180341	0.222713
47100	0.141113	0.063611	786	0.064031	0.096822	0.136073	0.179940	0.223080
47200	0.140653	0.063428	786	0.063826	0.096463	0.135561	0.179498	0.221584
47300	0.140199	0.063240	786	0.063463	0.096572	0.134687	0.178313	0.221262
47400	0.139745	0.063064	786	0.062859	0.096558	0.134510	0.177112	0.219899
47500	0.139281	0.062886	786	0.063276	0.095892	0.134858	0.177009	0.216699
47600	0.138990	0.062560	785	0.062285	0.095120	0.135866	0.178175	0.216012
47700	0.138563	0.062407	785	0.061618	0.094939	0.135813	0.176960	0.216510
47800	0.138084	0.062201	785	0.061065	0.094605	0.134532	0.176365	0.216562
47900	0.137629	0.061980	785	0.060521	0.093844	0.133986	0.175400	0.215000
48000	0.137169	0.061706	785	0.060933	0.093573	0.133629	0.174573	0.214863
48100	0.136704	0.061444	785	0.060480	0.093574	0.133000	0.173683	0.214147
48200	0.136280	0.061189	785	0.060255	0.093717	0.133385	0.172656	0.212419
48300	0.135848	0.060929	785	0.059835	0.093613	0.133332	0.172133	0.211797
48400	0.135443	0.060651	785	0.059246	0.094130	0.132931	0.170496	0.210888
48500	0.135021	0.060366	785	0.059537	0.094772	0.132777	0.169963	0.210135
48600	0.134592	0.060098	785	0.059493	0.093876	0.132829	0.169343	0.209178
48700	0.134204	0.059847	785	0.059625	0.093874	0.133141	0.168430	0.209465
48800	0.133798	0.059576	785	0.060019	0.093432	0.132065	0.168034	0.208664
48900	0.133349	0.059310	785	0.060383	0.093484	0.131665	0.167920	0.206636
49000	0.132900	0.059128	785	0.059909	0.091824	0.130602	0.168208	0.206714
49100	0.132525	0.058935	785	0.059672	0.091639	0.129770	0.168463	0.206007
49200	0.132183	0.058776	785	0.058840	0.091059	0.128700	0.167773	0.204971
49300	0.131894	0.058598	785	0.058817	0.090454	0.128828	0.167518	0.205088
49400	0.131609	0.058449	785	0.059164	0.091256	0.128669	0.166361	0.205412
49500	0.131354	0.058338	785	0.060185	0.090547	0.128621	0.166091	0.205030
49600	0.131095	0.058256	785	0.059691	0.089427	0.127683	0.166063	0.205091
49700	0.130901	0.058226	785	0.059982	0.089101	0.126893	0.166239	0.204949
49800	0.130668	0.058221	785	0.059737	0.088016	0.127292	0.166730	0.204686
49900	0.130417	0.058184	785	0.060060	0.088332	0.126887	0.166076	0.203726
50000	0.130152	0.058151	785	0.059604	0.088205	0.127313	0.165187	0.203186
50100	0.129917	0.058144	785	0.059769	0.088361	0.126103	0.164370	0.203596
50200	0.129672	0.058143	785	0.059624	0.087511	0.125493	0.163706	0.202723
50300	0.129439	0.058081	785	0.059628	0.088132	0.124782	0.164073	0.202228
50400	0.129175	0.057972	785	0.059899	0.087901	0.124289	0.163110	0.202072
50500	0.128886	0.057834	785	0.060456	0.087563	0.124360	0.162579	0.201700
50600	0.128603	0.057648	785	0.060759	0.087314	0.124077	0.161926	0.200905
50700	0.128230	0.057490	785	0.060405	0.088076	0.123442	0.159961	0.201583
50800	0.127839	0.057275	785	0.059988	0.088273	0.123536	0.160706	0.201525
50900	0.127422	0.057088	785	0.060030	0.087475	0.123750	0.160936	0.201401
51000	0.127085	0.056998	785	0.059153	0.087188	0.122826	0.160912	0.201022
51100	0.126787	0.056893	785	0.058820	0.087158	0.122888	0.160269	0.201687
51200	0.126479	0.056800	785	0.058318	0.087128	0.122423	0.160488	0.202146
51300	0.126138	0.056736	785	0.057900	0.086497	0.121837	0.160698	0.201582
51400	0.125823	0.056687	785	0.057970	0.086038	0.120859	0.160165	0.200745
51500	0.125529	0.056647	785	0.057469	0.085667	0.120152	0.159977	0.199511
51600	0.125271	0.056643	785	0.057172	0.084964	0.119978	0.158898	0.198102
51700	0.125007	0.056626	785	0.057096	0.084368	0.119733	0.157621	0.198153
51800	0.124728	0.056565	785	0.056753	0.084091	0.120040	0.158402	0.196877
51900	0.124430	0.056475	785	0.055554	0.084483	0.119672	0.158093	0.195462
52000	0.124112	0.056395	785	0.055192	0.085123	0.118963	0.158490	0.194745
52100	0.123770	0.056287	785	0.055327	0.084828	0.118150	0.158350	0.195246
52200	0.123428	0.056175	785	0.054305	0.084570	0.117953	0.157640	0.194755
52300	0.123096	0.056090	785	0.054772	0.084569	0.117294	0.156972	0.195436
52400	0.122733	0.056004	785	0.055156	0.084256	0.116603	0.156462	0.196939
52500	0.122370	0.055864	785	0.055289	0.084486	0.116298	0.156508	0.195776
52600	0.122004	0.055745	785	0.054553	0.083751	0.116178	0.155642	0.195795
52700	0.121620	0.055638	785	0.054521	0.083077	0.115727	0.154985	0.195409
52800	0.121187	0.055503	785	0.053723	0.082301	0.115329	0.155552	0.195316
52900	0.120797	0.055441	785	0.053084	0.081566	0.115059	0.154855	0.195713
53000	0.120430	0.055392	785	0.052864	0.081094	0.114875	0.154734	0.194603
53100	0.120045	0.055363	785	0.053138	0.080327	0.114565	0.153580	0.193183
53200	0.119666	0.055336	785	0.052362	0.080180	0.114176	0.153172	0.192853
53300	0.119300	0.055315	785	0.052380	0.079471	0.113504	0.153452	0.192195
53400	0.118994	0.055249	785	0.053329	0.078783	0.112974	0.153115	0.192006
53500	0.118653	0.055139	785	0.054060	0.078513	0.112767	0.151594	0.191904
53600	0.118302	0.055005	785	0.053994	0.078204	0.111885	0.150851	0.192261
53700	0.117942	0.054884	785	0.053037	0.077700	0.110985	0.150917	0.190924
53800	0.117574	0.054764	785	0.052080	0.077022	0.110990	0.149923	0.189926
53900	0.117187	0.054661	785	0.051098	0.076824	0.109980	0.150736	0.189372
54000	0.116806	0.054513	785	0.050989	0.076545	0.109462	0.149952	0.188597
54100	0.116465	0.054426	785	0.050426	0.076646	0.109051	0.149467	0.188804
54200	0.116106	0.054291	785	0.050282	0.076250	0.109554	0.149140	0.188388
54300	0.115771	0.054179	785	0.050286	0.076030	0.109666	0.149130	0.189208
54400	0.115426	0.054050	785	0.049864	0.075479	0.108856	0.148419	0.190029
54500	0.115056	0.053934	785	0.050022	0.075992	0.109168	0.147882	0.189261
54600	0.114682	0.053799	785	0.048710	0.076547	0.109033	0.147269	0.189168
54700	0.114356	0.053646	785	0.048133	0.076335	0.109444	0.145892	0.187012
54800	0.114027	0.053465	785	0.047556	0.076497	0.109547	0.145891	0.186334
54900	0.113659	0.053290	785	0.046979	0.076290	0.108181	0.145173	0.183462
55000	0.113313	0.053080	785	0.046472	0.075876	0.108354	0.144912	0.182064
55100	0.112981	0.052849	785	0.046503	0.075484	0.108332	0.144824	0.180745
55200	0.112656	0.052646	785	0.046042	0.075253	0.107638	0.144107	0.179970
55300	0.112343	0.052463	785	0.045827	0.075289	0.107310	0.144470	0.179885
55400	0.112017	0.052323	785	0.046249	0.075520	0.106798	0.144281	0.179580
55500	0.111696	0.052214	785	0.045543	0.075224	0.106810	0.143291	0.178676
55600	0.111389	0.052119	785	0.046143	0.075235	0.106178	0.143427	0.178032
55700	0.111085	0.052031	785	0.046742	0.075204	0.105590	0.142478	0.176868
55800	0.110781	0.051971	785	0.047342	0.074806	0.105263	0.142130	0.175964
55900	0.110506	0.051931	785	0.047368	0.073985	0.104503	0.142051	0.176649
56000	0.110249	0.051898	785	0.046934	0.073450	0.104665	0.141544	0.176701
56100	0.110034	0.051852	785	0.047031	0.073291	0.104597	0.142106	0.175624
56200	0.109798	0.051797	785	0.046585	0.072628	0.104568	0.141591	0.173995
56300	0.109504	0.051744	785	0.046277	0.072607	0.103888	0.141475	0.173972
56400	0.109224	0.051690	785	0.045511	0.072435	0.103652	0.141932	0.173640
56500	0.108974	0.051628	785	0.044800	0.071925	0.103424	0.141988	0.173521
56600	0.108738	0.051535	785	0.044474	0.071334	0.103373	0.141778	0.171431
56700	0.108504	0.051460	785	0.044622	0.071212	0.103600	0.142316	0.171255
56800	0.108280	0.051420	785	0.044610	0.071338	0.102893	0.142219	0.171421
56900	0.108059	0.051372	785	0.044619	0.071075	0.103130	0.142068	0.170888
57000	0.107833	0.051333	785	0.044987	0.071020	0.102434	0.142165	0.171940
57100	0.107562	0.051318	785	0.043974	0.070606	0.102566	0.141228	0.171067
57200	0.107268	0.051236	785	0.043589	0.069609	0.102688	0.140481	0.171613
57300	0.106973	0.051149	785	0.043784	0.069865	0.102570	0.140957	0.171584
57400	0.106716	0.051068	785	0.044008	0.069873	0.102867	0.140429	0.170743
57500	0.106407	0.050992	785	0.043700	0.069634	0.102917	0.139964	0.170113
57600	0.106063	0.050936	785	0.043036	0.069314	0.102337	0.139592	0.170315
57700	0.105737	0.050852	785	0.042114	0.068684	0.102241	0.139100	0.171128
57800	0.105468	0.050825	785	0.042306	0.068246	0.101724	0.139522	0.171834
57900	0.105198	0.050804	785	0.041758	0.068867	0.101038	0.138240	0.171478
58000	0.104902	0.050756	785	0.041527	0.069050	0.100033	0.138167	0.171268
58100	0.104580	0.050707	785	0.041238	0.067984	0.099541	0.137070	0.170104
58200	0.104246	0.050633	785	0.041400	0.067513	0.098685	0.136051	0.169835
58300	0.103913	0.050563	785	0.040779	0.067125	0.098751	0.135544	0.169510
58400	0.103607	0.050464	785	0.040857	0.066751	0.098563	0.135804	0.169018
58500	0.103327	0.050343	785	0.041424	0.066013	0.097955	0.136254	0.168526
58600	0.103039	0.050227	785	0.040845	0.065705	0.098491	0.135345	0.169001
58700	0.102730	0.050138	785	0.040703	0.065663	0.098268	0.134996	0.168781
58800	0.102417	0.050020	785	0.041484	0.065193	0.097925	0.133987	0.167381
58900	0.102108	0.049891	785	0.040932	0.065574	0.097078	0.134422	0.168316
59000	0.101824	0.049805	785	0.040955	0.065704	0.096873	0.133413	0.168678
59100	0.101524	0.049729	785	0.040223	0.065583	0.096120	0.133015	0.168589
59200	0.101216	0.049666	785	0.039058	0.064986	0.095475	0.132689	0.168905
59300	0.100932	0.049575	785	0.038976	0.064548	0.095729	0.132392	0.167107
59400	0.100606	0.049498	785	0.039137	0.064503	0.095659	0.131495	0.165775
59500	0.100254	0.049398	785	0.040308	0.064714	0.095465	0.131290	0.165006
59600	0.099898	0.049268	785	0.040106	0.065114	0.094922	0.130839	0.163665
59700	0.099570	0.049128	785	0.039943	0.064814	0.094241	0.130642	0.163728
59800	0.099309	0.048989	785	0.039130	0.064483	0.093952	0.130672	0.163559
59900	0.099077	0.048887	785	0.038560	0.064551	0.093663	0.130019	0.163355
60000	0.098874	0.048779	785	0.038684	0.064567	0.092700	0.130133	0.163487
60100	0.098667	0.048701	785	0.039644	0.064189	0.092145	0.129870	0.162683
60200	0.098458	0.048666	785	0.038771	0.063962	0.092236	0.130212	0.162663
60300	0.098250	0.048631	785	0.036873	0.063650	0.092845	0.129495	0.162533
60400	0.098176	0.048502	784	0.037357	0.063183	0.092570	0.129072	0.162847
60500	0.097956	0.048469	784	0.037841	0.063073	0.092379	0.128886	0.162617
60600	0.097726	0.048417	784	0.037648	0.062909	0.091495	0.128906	0.162938
60700	0.097487	0.048354	784	0.037134	0.062749	0.090898	0.128553	0.162158
60800	0.097226	0.048261	784	0.036945	0.062374	0.091014	0.128453	0.159998
60900	0.096960	0.048186	784	0.036669	0.062251	0.091000	0.127807	0.160647
61000	0.096700	0.048154	784	0.036769	0.061819	0.089987	0.127302	0.161469
61100	0.096426	0.048121	784	0.036265	0.061906	0.089353	0.126472	0.161737
61200	0.096153	0.048089	784	0.036327	0.061806	0.089207	0.125985	0.161947
61300	0.095917	0.048059	784	0.036348	0.061778	0.089129	0.125105	0.160666
61400	0.095666	0.047996	784	0.035806	0.061279	0.089941	0.124279	0.160289
61500	0.095437	0.047870	784	0.035599	0.061426	0.090272	0.124359	0.159458
61600	0.095223	0.047791	784	0.035113	0.060836	0.089364	0.124130	0.158287
61700	0.095103	0.047620	783	0.036052	0.061405	0.089425	0.123877	0.157799
61800	0.094903	0.047522	783	0.036013	0.061112	0.089279	0.123895	0.159255
61900	0.094711	0.047403	783	0.035864	0.060834	0.088848	0.124153	0.158877
62000	0.094467	0.047242	783	0.035714	0.061268	0.088588	0.124256	0.157666
62100	0.094225	0.047101	783	0.035404	0.061558	0.088620	0.124104	0.158409
62200	0.094023	0.046993	783	0.035227	0.061417	0.088523	0.123508	0.158356
62300	0.093840	0.046906	783	0.035662	0.061851	0.087842	0.123487	0.157721
62400	0.093634	0.046808	783	0.035114	0.060644	0.088430	0.123027	0.156721
62500	0.093417	0.046720	783	0.035675	0.061127	0.088356	0.121908	0.155636
62600	0.093265	0.046637	783	0.036421	0.060297	0.088007	0.121216	0.154754
62700	0.093081	0.046566	783	0.036172	0.060410	0.088368	0.121824	0.155328
62800	0.092879	0.046514	783	0.035697	0.059711	0.088920	0.121474	0.154153
62900	0.092670	0.046453	783	0.035161	0.059329	0.088171	0.120945	0.154452
63000	0.092457	0.046404	783	0.034558	0.059297	0.087823	0.120632	0.153786
63100	0.092275	0.046391	783	0.034020	0.058968	0.087717	0.119260	0.153865
63200	0.092072	0.046370	783	0.033802	0.058338	0.087472	0.119288	0.153676
63300	0.091906	0.046337	783	0.033098	0.057979	0.087263	0.119717	0.153256
63400	0.091716	0.046303	783	0.032579	0.057489	0.087156	0.118591	0.152501
63500	0.091514	0.046284	783	0.032723	0.056779	0.086857	0.118853	0.152753
63600	0.091326	0.046257	783	0.032648	0.056306	0.087354	0.118823	0.152531
63700	0.091113	0.046206	783	0.032427	0.056411	0.086971	0.119035	0.151826
63800	0.090880	0.046165	783	0.032564	0.056147	0.087158	0.118575	0.152065
63900	0.090594	0.046094	783	0.032247	0.056041	0.086930	0.117850	0.152505
64000	0.090302	0.046029	783	0.032307	0.055267	0.086397	0.117550	0.151380
64100	0.090021	0.045967	783	0.032541	0.055336	0.086294	0.117092	0.150771
64200	0.089756	0.045896	783	0.032468	0.055266	0.085802	0.116604	0.151045
64300	0.089506	0.045827	783	0.032232	0.055069	0.085311	0.116456	0.150573
64400	0.089233	0.045758	783	0.032613	0.055003	0.084607	0.116016	0.150240
64500	0.088927	0.045663	783	0.032473	0.054937	0.084474	0.115186	0.149014
64600	0.088609	0.045569	783	0.031983	0.054453	0.084149	0.115649	0.148162
64700	0.088329	0.045487	783	0.032010	0.054453	0.083477	0.115704	0.149035
64800	0.088069	0.045417	783	0.031783	0.054220	0.083138	0.116355	0.149077
64900	0.087836	0.045364	783	0.031869	0.053746	0.082920	0.116276	0.148508
65000	0.087573	0.045335	783	0.031533	0.053802	0.082937	0.115143	0.148257
65100	0.087329	0.045307	783	0.031483	0.054179	0.082478	0.114673	0.147254
65200	0.087095	0.045268	783	0.031618	0.053951	0.082220	0.115158	0.146616
65300	0.086894	0.045235	783	0.031798	0.053975	0.082074	0.114848	0.146124
65400	0.086729	0.045158	783	0.032001	0.054059	0.081751	0.114309	0.145699
65500	0.086575	0.045106	783	0.032189	0.054281	0.081452	0.113973	0.146176
65600	0.086394	0.045066	783	0.031967	0.053679	0.080917	0.113760	0.146302
65700	0.086224	0.045021	783	0.031827	0.053640	0.080333	0.113450	0.146303
65800	0.086095	0.044957	783	0.031685	0.053379	0.080166	0.114245	0.146305
65900	0.086011	0.044891	783	0.031385	0.053612	0.079922	0.114516	0.145745
66000	0.085891	0.044827	783	0.030845	0.053577	0.080044	0.114097	0.145856
66100	0.085730	0.044818	783	0.030299	0.053185	0.079950	0.114010	0.145451
66200	0.085586	0.044767	783	0.030644	0.052529	0.079985	0.114493	0.143197
66300	0.085454	0.044724	783	0.030603	0.051942	0.080099	0.114336	0.144407
66400	0.085320	0.044660	783	0.030400	0.052248	0.080220	0.115142	0.143604
66500	0.085117	0.044542	783	0.030713	0.052189	0.080185	0.114762	0.143334
66600	0.084930	0.044425	783	0.030687	0.051939	0.080052	0.114391	0.143049
66700	0.084711	0.044297	783	0.030584	0.051900	0.079618	0.115073	0.143131
66800	0.084518	0.044180	783	0.030621	0.051845	0.079388	0.114413	0.143143
66900	0.084320	0.044043	783	0.030376	0.051731	0.078940	0.114205	0.143088
67000	0.084107	0.043949	783	0.030272	0.051332	0.079007	0.113315	0.142131
67100	0.083871	0.043816	783	0.030314	0.051174	0.079044	0.112718	0.142370
67200	0.083692	0.043689	783	0.030462	0.051254	0.078671	0.112492	0.142738
67300	0.083545	0.043552	783	0.030621	0.051142	0.078998	0.112501	0.143001
67400	0.083400	0.043419	783	0.030416	0.051210	0.078889	0.112293	0.143076
67500	0.083252	0.043313	783	0.030368	0.050723	0.078875	0.111873	0.143863
67600	0.083060	0.043223	783	0.030241	0.050496	0.078327	0.111915	0.143857
67700	0.082883	0.043106	783	0.029668	0.050152	0.078600	0.111954	0.142799
67800	0.082662	0.042976	783	0.029551	0.049699	0.078112	0.111636	0.140808
67900	0.082464	0.042884	783	0.029246	0.049655	0.077494	0.111158	0.141164
68000	0.082286	0.042796	783	0.029330	0.049461	0.077737	0.111098	0.140441
68100	0.082104	0.042703	783	0.029590	0.049834	0.076980	0.110316	0.139386
68200	0.081938	0.042612	783	0.029722	0.049708	0.076765	0.110024	0.138125
68300	0.081785	0.042547	783	0.029712	0.049846	0.076486	0.109605	0.136124
68400	0.081633	0.042494	783	0.029528	0.049951	0.076280	0.109722	0.136287
68500	0.081479	0.042431	783	0.029713	0.049405	0.076374	0.108964	0.136107
68600	0.081325	0.042381	783	0.029864	0.049422	0.075767	0.109311	0.137615
68700	0.081197	0.042340	783	0.029672	0.049658	0.076201	0.109474	0.137946
68800	0.081078	0.042306	783	0.029602	0.049817	0.075855	0.109284	0.137699
68900	0.080959	0.042283	783	0.029649	0.049695	0.075859	0.109291	0.137469
69000	0.080835	0.042250	783	0.029415	0.049682	0.075926	0.109345	0.137882
69100	0.080692	0.042220	783	0.029439	0.049484	0.076443	0.108610	0.137714
69200	0.080543	0.042183	783	0.029265	0.049701	0.077181	0.108205	0.137292
69300	0.080433	0.042109	782	0.029379	0.049918	0.077301	0.107137	0.136502
69400	0.080199	0.042061	782	0.029174	0.049242	0.076814	0.106535	0.137340
69500	0.079994	0.042024	782	0.028788	0.049120	0.076778	0.106617	0.137886
69600	0.079804	0.041999	782	0.027955	0.049784	0.076663	0.105697	0.138003
69700	0.079622	0.041964	782	0.027914	0.049567	0.076586	0.105390	0.137786
69800	0.079468	0.041989	782	0.027910	0.049567	0.075793	0.105591	0.137513
69900	0.079315	0.042019	782	0.027416	0.049914	0.075738	0.105953	0.136618
70000	0.079146	0.042011	782	0.027043	0.049709	0.075360	0.106747	0.136695
70100	0.079054	0.041903	781	0.026955	0.049624	0.075415	0.106041	0.135643
70200	0.078929	0.041868	780	0.026655	0.048981	0.075014	0.105359	0.134873
70300	0.078735	0.041824	780	0.026322	0.048530	0.074680	0.105370	0.134147
70400	0.078558	0.041769	780	0.027327	0.048318	0.074672	0.105296	0.133087
70500	0.078362	0.041698	780	0.027663	0.048481	0.074972	0.104356	0.132314
70600	0.078174	0.041628	780	0.027559	0.048083	0.074844	0.103402	0.131947
70700	0.077992	0.041590	780	0.027132	0.048099	0.074941	0.103041	0.131338
70800	0.077823	0.041555	780	0.026834	0.047892	0.075183	0.102675	0.131457
70900	0.077677	0.041511	780	0.027054	0.047305	0.074716	0.103133	0.131622
71000	0.077622	0.041401	779	0.027125	0.047342	0.074839	0.103990	0.131462
71100	0.077448	0.041340	779	0.026736	0.047365	0.074328	0.103933	0.131207
71200	0.077252	0.041247	779	0.026491	0.046974	0.074120	0.104533	0.131103
71300	0.077039	0.041120	779	0.026417	0.047191	0.073666	0.103954	0.130216
71400	0.076800	0.040995	779	0.026739	0.046934	0.073766	0.103599	0.129452
71500	0.076544	0.040857	779	0.026686	0.047229	0.072925	0.103273	0.129064
71600	0.076325	0.040763	779	0.026000	0.047483	0.072431	0.103136	0.129310
71700	0.076128	0.040689	779	0.026197	0.047068	0.072118	0.103412	0.128670
71800	0.075941	0.040598	779	0.025848	0.046971	0.071715	0.103161	0.129264
71900	0.075767	0.040510	779	0.025343	0.047093	0.071415	0.103132	0.130396
72000	0.075615	0.040449	779	0.024986	0.046806	0.071127	0.102506	0.130389
72100	0.075436	0.040329	779	0.025068	0.046860	0.070952	0.101976	0.130155
72200	0.075266	0.040252	779	0.025871	0.047314	0.070892	0.101261	0.129201
72300	0.075094	0.040158	779	0.025834	0.047125	0.071290	0.100644	0.128997
72400	0.074906	0.040042	779	0.025686	0.046982	0.071377	0.100395	0.128297
72500	0.074708	0.039868	779	0.025222	0.046853	0.071127	0.100238	0.128383
72600	0.074477	0.039710	779	0.025227	0.046357	0.070891	0.099963	0.128076
72700	0.074240	0.039588	779	0.024505	0.045850	0.070378	0.100144	0.127768
72800	0.074033	0.039483	779	0.025364	0.046154	0.069959	0.099930	0.127535
72900	0.073818	0.039404	779	0.024943	0.046556	0.069306	0.099245	0.127208
73000	0.073623	0.039343	779	0.025178	0.045607	0.068961	0.098773	0.126781
73100	0.073460	0.039268	779	0.024101	0.045562	0.068634	0.098625	0.126418
73200	0.073399	0.039163	778	0.024220	0.046125	0.068512	0.097738	0.126233
73300	0.073240	0.039091	778	0.024535	0.045852	0.068774	0.097062	0.125569
73400	0.073091	0.039017	778	0.024264	0.045521	0.068502	0.097293	0.125618
73500	0.073025	0.038898	777	0.024590	0.045885	0.068349	0.097121	0.125311
73600	0.072872	0.038826	777	0.024855	0.045695	0.068199	0.096750	0.125082
73700	0.072751	0.038768	777	0.024934	0.045206	0.068241	0.096501	0.125233
73800	0.072617	0.038707	777	0.024628	0.045046	0.068355	0.095998	0.124800
73900	0.072466	0.038618	777	0.024686	0.045412	0.068423	0.095662	0.125222
74000	0.072401	0.038480	776	0.025098	0.045001	0.068302	0.095534	0.125062
74100	0.072234	0.038351	776	0.024818	0.044967	0.067874	0.095506	0.124482
74200	0.072183	0.038175	775	0.024561	0.044777	0.067840	0.096025	0.124815
74300	0.072155	0.038008	774	0.024758	0.045261	0.067718	0.095950	0.124822
74400	0.072013	0.037885	774	0.025259	0.044504	0.067112	0.095889	0.123581
74500	0.071867	0.037765	774	0.025338	0.044112	0.066563	0.095687	0.123626
74600	0.071712	0.037673	774	0.025701	0.044181	0.067106	0.095914	0.122410
74700	0.071525	0.037573	774	0.026064	0.044424	0.067348	0.095643	0.121009
74800	0.071340	0.037499	774	0.026427	0.043906	0.067717	0.095465	0.121353
74900	0.071211	0.037466	774	0.025781	0.043708	0.067313	0.094855	0.120195
75000	0.071095	0.037378	774	0.025684	0.043777	0.067295	0.094627	0.119814
75100	0.070960	0.037290	774	0.025600	0.043739	0.067152	0.095000	0.121268
75200	0.070933	0.037149	773	0.025885	0.043687	0.067761	0.095373	0.121874
75300	0.070845	0.037072	773	0.025698	0.043340	0.067524	0.095345	0.120300
75400	0.070745	0.037011	773	0.026077	0.042904	0.067211	0.094902	0.120303
75500	0.070618	0.036970	773	0.025795	0.042335	0.067472	0.095107	0.120686
75600	0.070476	0.036920	773	0.025978	0.041735	0.067302	0.095311	0.119869
75700	0.070334	0.036869	773	0.025853	0.041603	0.067294	0.095374	0.119037
75800	0.070197	0.036832	773	0.025879	0.041352	0.067505	0.095193	0.119790
75900	0.070077	0.036804	773	0.025990	0.041206	0.067092	0.095261	0.119249
76000	0.069906	0.036712	773	0.025315	0.041193	0.067454	0.095249	0.118686
76100	0.069748	0.036673	773	0.024831	0.041094	0.067354	0.095196	0.118169
76200	0.069580	0.036639	773	0.024814	0.041168	0.067229	0.094631	0.117660
76300	0.069395	0.036586	773	0.024215	0.041423	0.066829	0.093714	0.117704
76400	0.069237	0.036573	773	0.023706	0.041403	0.067089	0.093348	0.117741
76500	0.069098	0.036587	773	0.023748	0.041299	0.066901	0.092455	0.117781
76600	0.068950	0.036586	773	0.023769	0.041142	0.066309	0.092048	0.117614
76700	0.068827	0.036579	773	0.024412	0.040734	0.066539	0.091903	0.116912
76800	0.068703	0.036575	773	0.024061	0.040484	0.065838	0.091883	0.116668
76900	0.068576	0.036537	773	0.024148	0.040590	0.065867	0.091997	0.115741
77000	0.068443	0.036550	773	0.023683	0.040357	0.065927	0.092367	0.115377
77100	0.068340	0.036569	773	0.023122	0.040740	0.065581	0.091622	0.115378
77200	0.068352	0.036541	772	0.023431	0.040324	0.065256	0.091771	0.115550
77300	0.068258	0.036513	772	0.023959	0.039949	0.065012	0.091411	0.115337
77400	0.068172	0.036472	772	0.023208	0.039874	0.064761	0.091568	0.115340
77500	0.068101	0.036407	772	0.023322	0.039870	0.065064	0.091110	0.114800
77600	0.068098	0.036278	771	0.023032	0.040267	0.064978	0.091726	0.114883
77700	0.068013	0.036225	771	0.023243	0.040413	0.064656	0.092134	0.115300
77800	0.067924	0.036183	771	0.023815	0.040095	0.064442	0.092113	0.115369
77900	0.067968	0.036082	769	0.023223	0.040557	0.064525	0.091770	0.115955
78000	0.067918	0.036005	768	0.023265	0.040221	0.064450	0.092783	0.116241
78100	0.067768	0.035993	768	0.022584	0.039841	0.064070	0.092769	0.116327
78200	0.067611	0.035982	768	0.021924	0.039468	0.063541	0.092407	0.115578
78300	0.067445	0.035962	768	0.021439	0.039424	0.063655	0.092079	0.116321
78400	0.067264	0.035954	768	0.022136	0.039136	0.063635	0.091937	0.116066
78500	0.067076	0.035942	768	0.021637	0.039313	0.063572	0.092057	0.116566
78600	0.066876	0.035958	768	0.021439	0.039530	0.063322	0.091826	0.116688
78700	0.066688	0.035959	768	0.021476	0.039728	0.063063	0.091524	0.116173
78800	0.066609	0.035924	767	0.021065	0.039734	0.063631	0.091357	0.116456
78900	0.066455	0.035935	767	0.021160	0.039645	0.063222	0.090556	0.115592
79000	0.066273	0.035944	767	0.020713	0.039382	0.063056	0.090061	0.115492
79100	0.066109	0.035964	767	0.020702	0.039204	0.063070	0.089521	0.115645
79200	0.065958	0.036003	767	0.020693	0.038582	0.063151	0.089542	0.114816
79300	0.065804	0.036037	767	0.020275	0.037959	0.062689	0.089513	0.114934
79400	0.065667	0.036054	767	0.019471	0.037463	0.062172	0.088799	0.114898
79500	0.065533	0.036042	767	0.019263	0.037381	0.061732	0.088838	0.113509
79600	0.065397	0.036027	767	0.019436	0.037473	0.061805	0.088877	0.113513
79700	0.065255	0.035995	767	0.019132	0.037231	0.062189	0.089697	0.112695
79800	0.065120	0.035983	767	0.018837	0.036615	0.061995	0.089645	0.112013
79900	0.064991	0.035954	767	0.018301	0.036808	0.061820	0.089569	0.111877
80000	0.064874	0.035929	767	0.018397	0.036732	0.062398	0.089295	0.111377
80100	0.064747	0.035889	767	0.018090	0.036438	0.062425	0.088962	0.111902
80200	0.064643	0.035847	767	0.018045	0.036017	0.062304	0.088193	0.111654
80300	0.064554	0.035834	767	0.017595	0.036866	0.062290	0.087393	0.111206
80400	0.064438	0.035841	767	0.017145	0.037021	0.061878	0.087511	0.111678
80500	0.064389	0.035792	766	0.017199	0.036805	0.061616	0.088172	0.112237
80600	0.064245	0.035803	766	0.017635	0.036773	0.061603	0.087858	0.111786
80700	0.064182	0.035816	765	0.016930	0.036099	0.061556	0.087256	0.110734
80800	0.064059	0.035844	765	0.016724	0.036013	0.061697	0.087134	0.111102
80900	0.063922	0.035861	765	0.016965	0.036077	0.061807	0.086954	0.111082
81000	0.063784	0.035892	765	0.016692	0.035841	0.061530	0.086597	0.111962
81100	0.063626	0.035905	765	0.016302	0.035987	0.061508	0.086716	0.110937
81200	0.063461	0.035888	765	0.016656	0.035824	0.061520	0.086759	0.111239
81300	0.063331	0.035886	765	0.016856	0.035883	0.061160	0.086439	0.111524
81400	0.063202	0.035900	765	0.017053	0.035688	0.060683	0.086270	0.112051
81500	0.063066	0.035907	765	0.017071	0.035180	0.060555	0.085948	0.112145
81600	0.062931	0.035914	765	0.016757	0.035631	0.060410	0.085414	0.112281
81700	0.062795	0.035927	765	0.016755	0.035853	0.059797	0.085902	0.111805
81800	0.062661	0.035922	765	0.016388	0.035836	0.059720	0.085796	0.111821
81900	0.062520	0.035909	765	0.016013	0.035007	0.059866	0.085165	0.112283
82000	0.062372	0.035899	765	0.015604	0.034682	0.059507	0.085441	0.112932
82100	0.062222	0.035867	765	0.015665	0.034516	0.059572	0.085490	0.112597
82200	0.062092	0.035815	765	0.015704	0.034162	0.059449	0.085467	0.111860
82300	0.061956	0.035720	765	0.015449	0.034274	0.059496	0.084857	0.111893
82400	0.061776	0.035606	765	0.015313	0.034907	0.059426	0.084526	0.112358
82500	0.061614	0.035487	765	0.015644	0.034890	0.059462	0.084467	0.111310
82600	0.061524	0.035407	764	0.015775	0.034726	0.059389	0.084432	0.111494
82700	0.061402	0.035319	764	0.015600	0.034520	0.059446	0.084298	0.111558
82800	0.061283	0.035238	764	0.015626	0.034611	0.059175	0.083602	0.110722
82900	0.061164	0.035171	764	0.015401	0.034846	0.058872	0.083102	0.110284
83000	0.061026	0.035100	764	0.015345	0.034457	0.058704	0.083137	0.110140
83100	0.060889	0.035040	764	0.015256	0.034876	0.058267	0.083025	0.109715
83200	0.060776	0.034979	764	0.015326	0.034299	0.057964	0.082841	0.108544
83300	0.060644	0.034899	764	0.014802	0.034444	0.057661	0.082314	0.107611
83400	0.060495	0.034795	764	0.014691	0.034043	0.057492	0.082038	0.107867
83500	0.060419	0.034644	763	0.015506	0.033749	0.057876	0.081930	0.107935
83600	0.060293	0.034539	763	0.015016	0.033813	0.057836	0.081576	0.108342
83700	0.060236	0.034388	762	0.015389	0.033886	0.057873	0.081401	0.108563
83800	0.060099	0.034286	762	0.014817	0.033561	0.058176	0.080648	0.107808
83900	0.059979	0.034186	762	0.014966	0.033526	0.057886	0.080724	0.107700
84000	0.059867	0.034103	762	0.015115	0.033703	0.057459	0.080690	0.107636
84100	0.059762	0.034044	762	0.015147	0.033418	0.057476	0.080766	0.107006
84200	0.059655	0.033995	762	0.015154	0.033332	0.057399	0.080513	0.107457
84300	0.059556	0.033987	762	0.015248	0.033042	0.057535	0.080661	0.107402
84400	0.059444	0.033987	762	0.015104	0.032730	0.057446	0.080274	0.107621
84500	0.059339	0.034012	762	0.015229	0.032294	0.057055	0.080517	0.106466
84600	0.059267	0.034044	762	0.015315	0.032508	0.056772	0.080540	0.106114
84700	0.059179	0.034090	762	0.015737	0.031977	0.056443	0.080775	0.105836
84800	0.059119	0.034148	762	0.015263	0.031997	0.056924	0.080700	0.105813
84900	0.059052	0.034193	762	0.014818	0.032216	0.056909	0.080637	0.106313
85000	0.059006	0.034243	762	0.014638	0.031877	0.056534	0.080735	0.106913
85100	0.058935	0.034268	762	0.014869	0.031643	0.055896	0.080749	0.107226
85200	0.058936	0.034261	761	0.015163	0.031487	0.056039	0.081104	0.107112
85300	0.058881	0.034305	761	0.014994	0.031794	0.056400	0.081553	0.104593
85400	0.058819	0.034332	761	0.015255	0.032025	0.056353	0.081800	0.104625
85500	0.058736	0.034366	761	0.015582	0.031972	0.056601	0.081919	0.104034
85600	0.058625	0.034391	761	0.015127	0.032013	0.056284	0.081781	0.104270
85700	0.058519	0.034393	761	0.015002	0.031643	0.056403	0.081839	0.104172
85800	0.058389	0.034384	761	0.014856	0.031720	0.056203	0.081523	0.104728
85900	0.058261	0.034394	761	0.014805	0.031180	0.056109	0.081539	0.104683
86000	0.058154	0.034399	761	0.014962	0.030867	0.056386	0.081850	0.104233
86100	0.058065	0.034422	761	0.015142	0.030852	0.055977	0.081706	0.104092
86200	0.057979	0.034458	761	0.015019	0.030965	0.055463	0.081106	0.103262
86300	0.057916	0.034515	761	0.014896	0.030674	0.055580	0.081070	0.104069
86400	0.057848	0.034562	761	0.014804	0.030585	0.055856	0.081217	0.103658
86500	0.057815	0.034618	761	0.014537	0.030686	0.055726	0.080904	0.104619
86600	0.057753	0.034656	761	0.014524	0.030342	0.055933	0.080752	0.103932
86700	0.057685	0.034690	761	0.014279	0.030613	0.055272	0.080775	0.102862
86800	0.057607	0.034731	761	0.014068	0.030264	0.054951	0.080149	0.103189
86900	0.057503	0.034758	761	0.013561	0.030612	0.054634	0.079821	0.103263
87000	0.057402	0.034777	761	0.013825	0.030266	0.054131	0.079550	0.103961
87100	0.057299	0.034777	761	0.014038	0.029920	0.054154	0.079438	0.104023
87200	0.057197	0.034761	761	0.014125	0.029770	0.054074	0.080042	0.104324
87300	0.057084	0.034724	761	0.014049	0.029961	0.054154	0.079479	0.104713
87400	0.056960	0.034662	761	0.014308	0.029893	0.053929	0.079120	0.104313
87500	0.056822	0.034597	761	0.014523	0.029618	0.053703	0.079200	0.104342
87600	0.056674	0.034533	761	0.014553	0.029743	0.053433	0.079239	0.103122
87700	0.056525	0.034472	761	0.014884	0.029258	0.053468	0.078997	0.103402
87800	0.056365	0.034409	761	0.014898	0.029415	0.053690	0.078581	0.103347
87900	0.056220	0.034330	761	0.015078	0.029250	0.054019	0.078593	0.102853
88000	0.056082	0.034256	761	0.014585	0.028948	0.053714	0.078691	0.103170
88100	0.055940	0.034201	761	0.014309	0.028831	0.053316	0.078474	0.102177
88200	0.055801	0.034156	761	0.014074	0.028891	0.052797	0.077828	0.101317
88300	0.055666	0.034133	761	0.014294	0.029129	0.052529	0.077935	0.101552
88400	0.055533	0.034130	761	0.013505	0.029378	0.051617	0.077667	0.101049
88500	0.055466	0.034055	760	0.013320	0.029293	0.051263	0.077761	0.101409
88600	0.055343	0.034011	760	0.013231	0.029125	0.051419	0.077350	0.102172
88700	0.055202	0.033972	760	0.013102	0.029228	0.051354	0.077271	0.101191
88800	0.055045	0.033914	760	0.013184	0.028750	0.051062	0.076457	0.100145
88900	0.054956	0.033815	759	0.013222	0.028724	0.050998	0.076657	0.100443
89000	0.054782	0.033766	759	0.013412	0.028360	0.050991	0.076432	0.099490
89100	0.054606	0.033718	759	0.013249	0.028302	0.050809	0.076399	0.099788
89200	0.054519	0.033600	758	0.012878	0.028401	0.050953	0.076275	0.099538
89300	0.054385	0.033545	758	0.012972	0.028087	0.051072	0.076584	0.099747
89400	0.054254	0.033496	758	0.013210	0.028040	0.050815	0.076684	0.100047
89500	0.054181	0.033405	757	0.013108	0.028254	0.050913	0.076419	0.099371
89600	0.054071	0.033391	757	0.012848	0.028299	0.050842	0.076364	0.098622
89700	0.053951	0.033378	757	0.012775	0.027940	0.050483	0.075862	0.099072
89800	0.053885	0.033333	756	0.012744	0.028129	0.050400	0.075207	0.098720
89900	0.053762	0.033321	756	0.012787	0.028182	0.050338	0.075475	0.098499
90000	0.053622	0.033294	756	0.012444	0.027802	0.050164	0.075622	0.097974
90100	0.053486	0.033254	756	0.012160	0.027303	0.050223	0.075458	0.097636
90200	0.053344	0.033205	756	0.012025	0.027200	0.049712	0.075371	0.097372
90300	0.053210	0.033161	756	0.012042	0.027115	0.049562	0.074935	0.097249
90400	0.053076	0.033124	756	0.011773	0.027065	0.049494	0.074352	0.097064
90500	0.052953	0.033088	756	0.011569	0.026656	0.049387	0.074151	0.096331
90600	0.052840	0.033044	756	0.011407	0.026688	0.049169	0.073835	0.097242
90700	0.052738	0.033037	756	0.012202	0.026394	0.049193	0.073505	0.098070
90800	0.052778	0.032941	754	0.012598	0.026523	0.049310	0.073429	0.098614
90900	0.052653	0.032901	754	0.012888	0.026666	0.048935	0.073319	0.097480
91000	0.052547	0.032860	754	0.012725	0.026709	0.048644	0.073137	0.096525
91100	0.052415	0.032794	754	0.012644	0.026401	0.048565	0.073043	0.097324
91200	0.052268	0.032722	754	0.012908	0.026216	0.048822	0.072835	0.096664
91300	0.052110	0.032659	754	0.012787	0.026604	0.048615	0.072800	0.096966
91400	0.051970	0.032587	754	0.012391	0.026379	0.048636	0.072856	0.096786
91500	0.051833	0.032540	754	0.012477	0.026014	0.048854	0.072677	0.096700
91600	0.051762	0.032431	753	0.012255	0.025778	0.049168	0.072525	0.096427
91700	0.051619	0.032358	753	0.012064	0.025867	0.048613	0.072097	0.096973
91800	0.051502	0.032297	753	0.011626	0.026306	0.048534	0.071865	0.096527
91900	0.051406	0.032241	753	0.011622	0.026319	0.048806	0.071429	0.097037
92000	0.051318	0.032177	753	0.011629	0.026113	0.049078	0.071099	0.096876
92100	0.051227	0.032110	753	0.011883	0.025801	0.048802	0.070704	0.096484
92200	0.051160	0.032054	753	0.011734	0.025701	0.048384	0.070816	0.096195
92300	0.051088	0.031997	753	0.011584	0.025760	0.047868	0.070697	0.095817
92400	0.051010	0.031943	753	0.011489	0.025727	0.047868	0.070181	0.095939
92500	0.050942	0.031885	753	0.011714	0.025567	0.047711	0.069967	0.095696
92600	0.050871	0.031834	753	0.011655	0.025517	0.047782	0.070913	0.095849
92700	0.050799	0.031787	753	0.011608	0.025444	0.047981	0.070873	0.094908
92800	0.050703	0.031730	753	0.011267	0.025212	0.048276	0.070948	0.093870
92900	0.050604	0.031691	753	0.010983	0.025120	0.047938	0.070931	0.093696
93000	0.050517	0.031645	753	0.010895	0.025313	0.047352	0.070796	0.093287
93100	0.050431	0.031604	753	0.010807	0.025548	0.047541	0.071218	0.094281
93200	0.050340	0.031591	753	0.010494	0.025889	0.047368	0.071010	0.093799
93300	0.050234	0.031594	753	0.010322	0.025736	0.047097	0.070780	0.093715
93400	0.050121	0.031608	753	0.010407	0.025284	0.046720	0.070198	0.093882
93500	0.050007	0.031626	753	0.010580	0.024935	0.046511	0.070086	0.094280
93600	0.049964	0.031629	752	0.010369	0.024782	0.046414	0.069985	0.094054
93700	0.049877	0.031658	752	0.010183	0.024421	0.046433	0.069788	0.093827
93800	0.049808	0.031706	752	0.010193	0.023973	0.046071	0.069293	0.094524
93900	0.049730	0.031729	752	0.010106	0.023648	0.046063	0.069065	0.094337
94000	0.049645	0.031748	752	0.010256	0.023751	0.046054	0.069241	0.094591
94100	0.049708	0.031722	750	0.010336	0.024317	0.046344	0.069242	0.094760
94200	0.049639	0.031734	750	0.010095	0.023838	0.046103	0.069106	0.094886
94300	0.049654	0.031707	749	0.010180	0.023712	0.046215	0.069632	0.095408
94400	0.049585	0.031704	749	0.009939	0.023506	0.046112	0.069922	0.095086
94500	0.049497	0.031676	749	0.009705	0.023668	0.046156	0.070148	0.094795
94600	0.049407	0.031625	749	0.009753	0.023433	0.045831	0.070287	0.094149
94700	0.049378	0.031558	748	0.009742	0.023397	0.045500	0.070176	0.093914
94800	0.049353	0.031509	747	0.009677	0.023539	0.045180	0.070339	0.094002
94900	0.049276	0.031465	747	0.010034	0.023324	0.044889	0.070096	0.094052
95000	0.049187	0.031435	747	0.010291	0.023072	0.044655	0.069809	0.093795
95100	0.049164	0.031365	746	0.010172	0.023109	0.044473	0.070163	0.093580
95200	0.049075	0.031319	746	0.010277	0.022574	0.044575	0.069619	0.093282
95300	0.048976	0.031278	746	0.010155	0.022809	0.044876	0.068670	0.093026
95400	0.048893	0.031259	746	0.009847	0.022807	0.044926	0.069272	0.092681
95500	0.048845	0.031254	745	0.009605	0.022609	0.044933	0.069321	0.092694
95600	0.048748	0.031252	745	0.009675	0.022664	0.044683	0.069070	0.092530
95700	0.048635	0.031220	745	0.009672	0.022739	0.044835	0.068602	0.092889
95800	0.048528	0.031207	745	0.010126	0.022744	0.044471	0.068060	0.092799
95900	0.048409	0.031192	745	0.009982	0.022794	0.044409	0.068335	0.094079
96000	0.048288	0.031184	745	0.009899	0.022798	0.044098	0.067572	0.094262
96100	0.048175	0.031201	745	0.009993	0.022782	0.043847	0.067208	0.094250
96200	0.048077	0.031221	745	0.010164	0.022566	0.043737	0.067786	0.094237
96300	0.047977	0.031228	745	0.010265	0.022355	0.043735	0.067650	0.093838
96400	0.047871	0.031227	745	0.010304	0.022415	0.043779	0.067160	0.093550
96500	0.047773	0.031225	745	0.010366	0.022474	0.043457	0.066643	0.093691
96600	0.047753	0.031179	744	0.010360	0.022060	0.043751	0.066538	0.093198
96700	0.047642	0.031097	744	0.010282	0.022169	0.043532	0.066465	0.092922
96800	0.047523	0.031012	744	0.009996	0.022211	0.043759	0.066090	0.092624
96900	0.047514	0.030880	742	0.009851	0.022503	0.043805	0.066340	0.091805
97000	0.047387	0.030795	742	0.009721	0.022609	0.043469	0.066368	0.091623
97100	0.047283	0.030695	742	0.009792	0.022483	0.042830	0.066571	0.090711
97200	0.047182	0.030576	742	0.009865	0.022888	0.042834	0.066516	0.090853
97300	0.047151	0.030457	741	0.009853	0.023003	0.042764	0.066996	0.091010
97400	0.047109	0.030341	740	0.010189	0.023234	0.042329	0.067622	0.091232
97500	0.047102	0.030214	739	0.010256	0.023696	0.042961	0.067599	0.091804
97600	0.047085	0.030097	738	0.010232	0.023773	0.042624	0.067104	0.091524
97700	0.047004	0.030009	738	0.010371	0.023753	0.041786	0.066994	0.091446
97800	0.046927	0.029942	738	0.010268	0.023457	0.041653	0.066557	0.091524
97900	0.046830	0.029872	738	0.010124	0.023142	0.041746	0.065914	0.090983
98000	0.046729	0.029814	738	0.010140	0.023422	0.041862	0.065327	0.090447
98100	0.046637	0.029763	738	0.010122	0.023692	0.041930	0.065381	0.089512
98200	0.046572	0.029693	738	0.010269	0.023798	0.041743	0.065106	0.088671
98300	0.046514	0.029617	738	0.010144	0.023858	0.041965	0.065385	0.088267
98400	0.046442	0.029543	738	0.010269	0.023458	0.042105	0.065353	0.088186
98500	0.046433	0.029448	737	0.010529	0.023818	0.042430	0.065447	0.087674
98600	0.046429	0.029368	736	0.010389	0.023555	0.042228	0.065207	0.087907
98700	0.046453	0.029264	734	0.010624	0.023685	0.041993	0.064873	0.088254
98800	0.046341	0.029226	734	0.010615	0.023353	0.041973	0.064517	0.088428
98900	0.046272	0.029155	733	0.010648	0.023300	0.042489	0.064378	0.088949
99000	0.046132	0.029098	733	0.010422	0.023526	0.042430	0.064151	0.088592
99100	0.046017	0.029051	733	0.010273	0.023300	0.042609	0.064376	0.087596
99200	0.045962	0.028981	732	0.010164	0.023389	0.042567	0.064219	0.088157
99300	0.045848	0.028955	732	0.009897	0.022829	0.042149	0.064386	0.087803
99400	0.045749	0.028944	732	0.009931	0.022895	0.041756	0.064566	0.087485
99500	0.045672	0.028945	732	0.010307	0.022866	0.041675	0.064308	0.087617
99600	0.045599	0.028954	732	0.010362	0.022804	0.040953	0.064150	0.087096
99700	0.045523	0.028949	732	0.010219	0.023083	0.040572	0.064096	0.086962
99800	0.045455	0.028950	732	0.010075	0.023042	0.040108	0.063895	0.086733
99900	0.045454	0.028970	731	0.010245	0.023101	0.040359	0.064214	0.087258
100000	0.045455	0.028980	730	0.010310	0.023144	0.040167	0.064569	0.086905
